init at (0, 0), (3, 0), (6, 0), (9, 0), (12, 0), (15, 0), (18, 0), (21, 0), (24, 0), (27, 0), (30, 0), (33, 0), (36, 0), (39, 0);
rz(1.5708) at (0, 0), (3, 0), (6, 0), (9, 0), (12, 0), (15, 0), (18, 0), (21, 0), (24, 0), (27, 0), (30, 0), (33, 0), (36, 0), (39, 0);
rz(1.5708) at (0, 0), (3, 0), (6, 0), (9, 0), (12, 0), (15, 0), (18, 0), (21, 0), (24, 0), (27, 0), (30, 0), (33, 0), (36, 0), (39, 0);
load (0, 0), (3, 0), (6, 0), (9, 0), (12, 0), (15, 0), (18, 0), (21, 0), (24, 0), (27, 0), (30, 0), (33, 0), (36, 0) to (1, 0), (4, 0), (7, 0), (10, 0), (13, 0), (16, 0), (19, 0), (22, 0), (25, 0), (28, 0), (31, 0), (34, 0), (37, 0);
move (37, 0), (34, 0), (31, 0), (28, 0), (25, 0), (22, 0), (19, 0), (16, 0), (13, 0), (10, 0), (7, 0), (4, 0), (1, 0) to (156, 307), (146, 307), (136, 307), (126, 307), (116, 307), (106, 307), (96, 307), (86, 307), (76, 307), (66, 307), (56, 307), (46, 307), (36, 307);
store (156, 307), (146, 307), (136, 307), (126, 307), (116, 307), (106, 307), (96, 307), (86, 307), (76, 307), (66, 307), (56, 307), (46, 307), (36, 307) to (155, 307), (145, 307), (135, 307), (125, 307), (115, 307), (105, 307), (95, 307), (85, 307), (75, 307), (65, 307), (55, 307), (45, 307), (35, 307);
load (39, 0) to (40, 0);
move (40, 0) to (35, 308);
cz;
move (35, 308) to (45, 308);
cz;
move (45, 308) to (55, 308);
cz;
move (55, 308) to (65, 308);
cz;
move (65, 308) to (75, 308);
cz;
move (75, 308) to (85, 308);
cz;
move (85, 308) to (95, 308);
cz;
move (95, 308) to (105, 308);
cz;
move (105, 308) to (115, 308);
cz;
move (115, 308) to (125, 308);
cz;
move (125, 308) to (135, 308);
cz;
move (135, 308) to (145, 308);
cz;
move (145, 308) to (155, 308);
cz;
move (155, 308) to (1, 0);
store (1, 0) to (0, 0);
load (35, 307), (45, 307), (55, 307), (65, 307), (75, 307), (85, 307), (95, 307), (105, 307), (115, 307), (125, 307), (135, 307), (145, 307), (155, 307) to (36, 307), (46, 307), (56, 307), (66, 307), (76, 307), (86, 307), (96, 307), (106, 307), (116, 307), (126, 307), (136, 307), (146, 307), (156, 307);
move (36, 307), (46, 307), (56, 307), (66, 307), (76, 307), (86, 307), (96, 307), (106, 307), (116, 307), (126, 307), (136, 307), (146, 307), (156, 307) to (4, 0), (7, 0), (10, 0), (13, 0), (16, 0), (19, 0), (22, 0), (25, 0), (28, 0), (31, 0), (34, 0), (37, 0), (40, 0);
store (4, 0), (7, 0), (10, 0), (13, 0), (16, 0), (19, 0), (22, 0), (25, 0), (28, 0), (31, 0), (34, 0), (37, 0), (40, 0) to (3, 0), (6, 0), (9, 0), (12, 0), (15, 0), (18, 0), (21, 0), (24, 0), (27, 0), (30, 0), (33, 0), (36, 0), (39, 0);
