init at (84, 0), (24, 0), (30, 0), (90, 0), (66, 0), (6, 0), (12, 0), (72, 0), (102, 0), (42, 0), (21, 0), (81, 0), (3, 0), (63, 0), (57, 0), (117, 0), (123, 0), (120, 0), (108, 0), (48, 0), (105, 0), (45, 0), (99, 0), (39, 0), (96, 0), (36, 0), (54, 0), (114, 0), (93, 0), (33, 0), (27, 0), (87, 0), (51, 0), (111, 0), (9, 0), (69, 0), (15, 0), (75, 0), (78, 0), (18, 0), (60, 0), (0, 0);
rz(1.5708) at (0, 0), (3, 0), (6, 0), (9, 0), (12, 0), (15, 0), (18, 0), (21, 0), (24, 0), (27, 0), (30, 0), (33, 0), (36, 0), (39, 0), (42, 0), (45, 0), (48, 0), (51, 0), (54, 0), (57, 0), (60, 0), (63, 0), (66, 0), (69, 0), (72, 0), (75, 0), (78, 0), (81, 0), (84, 0), (87, 0), (90, 0), (93, 0), (96, 0), (99, 0), (102, 0), (105, 0), (108, 0), (111, 0), (114, 0), (117, 0), (120, 0), (123, 0);
load (30, 0), (27, 0), (24, 0), (21, 0), (18, 0), (15, 0), (12, 0), (9, 0), (6, 0), (3, 0), (0, 0), (33, 0), (36, 0), (39, 0), (42, 0), (45, 0), (48, 0), (51, 0), (54, 0), (57, 0) to (31, 0), (28, 0), (25, 0), (22, 0), (19, 0), (16, 0), (13, 0), (10, 0), (7, 0), (4, 0), (1, 0), (34, 0), (37, 0), (40, 0), (43, 0), (46, 0), (49, 0), (52, 0), (55, 0), (58, 0);
move (58, 0), (55, 0), (52, 0), (49, 0), (46, 0), (43, 0), (40, 0), (31, 0), (1, 0), (4, 0), (37, 0), (7, 0), (10, 0), (13, 0), (16, 0), (22, 0), (19, 0), (25, 0), (28, 0), (34, 0) to (226, 307), (216, 307), (206, 307), (196, 307), (186, 307), (176, 307), (166, 307), (136, 307), (36, 307), (46, 307), (156, 307), (56, 307), (66, 307), (76, 307), (86, 307), (106, 307), (96, 307), (116, 307), (126, 307), (146, 307);
store (226, 307), (216, 307), (206, 307), (196, 307), (186, 307), (176, 307), (166, 307), (136, 307), (36, 307), (46, 307), (156, 307), (56, 307), (66, 307), (76, 307), (86, 307), (106, 307), (96, 307), (116, 307), (126, 307), (146, 307) to (225, 307), (215, 307), (205, 307), (195, 307), (185, 307), (175, 307), (165, 307), (135, 307), (35, 307), (45, 307), (155, 307), (55, 307), (65, 307), (75, 307), (85, 307), (105, 307), (95, 307), (115, 307), (125, 307), (145, 307);
load (90, 0), (87, 0), (84, 0), (81, 0), (78, 0), (75, 0), (72, 0), (69, 0), (66, 0), (63, 0), (60, 0), (93, 0), (96, 0), (99, 0), (102, 0), (105, 0), (108, 0), (111, 0), (114, 0), (117, 0) to (91, 0), (88, 0), (85, 0), (82, 0), (79, 0), (76, 0), (73, 0), (70, 0), (67, 0), (64, 0), (61, 0), (94, 0), (97, 0), (100, 0), (103, 0), (106, 0), (109, 0), (112, 0), (115, 0), (118, 0);
move (61, 0), (64, 0), (67, 0), (70, 0), (73, 0), (76, 0), (79, 0), (82, 0), (85, 0), (88, 0), (91, 0), (94, 0), (97, 0), (100, 0), (103, 0), (106, 0), (109, 0), (112, 0), (115, 0), (118, 0) to (35, 308), (45, 308), (55, 308), (65, 308), (75, 308), (85, 308), (95, 308), (105, 308), (115, 308), (125, 308), (135, 308), (145, 308), (155, 308), (165, 308), (175, 308), (185, 308), (195, 308), (205, 308), (215, 308), (225, 308);
cz;
move (35, 308), (45, 308), (55, 308), (65, 308), (75, 308), (85, 308), (95, 308), (105, 308), (115, 308), (125, 308), (135, 308), (145, 308), (155, 308), (165, 308), (175, 308), (185, 308), (195, 308), (205, 308), (215, 308), (225, 308) to (1, 0), (4, 0), (7, 0), (10, 0), (13, 0), (16, 0), (19, 0), (22, 0), (25, 0), (28, 0), (31, 0), (34, 0), (37, 0), (40, 0), (43, 0), (46, 0), (49, 0), (52, 0), (55, 0), (58, 0);
store (1, 0), (4, 0), (7, 0), (10, 0), (13, 0), (16, 0), (19, 0), (22, 0), (25, 0), (28, 0), (31, 0), (34, 0), (37, 0), (40, 0), (43, 0), (46, 0), (49, 0), (52, 0), (55, 0), (58, 0) to (0, 0), (3, 0), (6, 0), (9, 0), (12, 0), (15, 0), (18, 0), (21, 0), (24, 0), (27, 0), (30, 0), (33, 0), (36, 0), (39, 0), (42, 0), (45, 0), (48, 0), (51, 0), (54, 0), (57, 0);
load (35, 307), (45, 307), (55, 307), (65, 307), (75, 307), (85, 307), (95, 307), (105, 307), (115, 307), (125, 307), (135, 307), (145, 307), (155, 307), (165, 307), (175, 307), (185, 307), (195, 307), (205, 307), (215, 307), (225, 307) to (36, 307), (46, 307), (56, 307), (66, 307), (76, 307), (86, 307), (96, 307), (106, 307), (116, 307), (126, 307), (136, 307), (146, 307), (156, 307), (166, 307), (176, 307), (186, 307), (196, 307), (206, 307), (216, 307), (226, 307);
move (36, 307), (46, 307), (56, 307), (66, 307), (76, 307), (86, 307), (96, 307), (106, 307), (116, 307), (126, 307), (136, 307), (146, 307), (156, 307), (166, 307), (176, 307), (186, 307), (196, 307), (206, 307), (216, 307), (226, 307) to (61, 0), (64, 0), (67, 0), (70, 0), (73, 0), (76, 0), (79, 0), (82, 0), (85, 0), (88, 0), (91, 0), (94, 0), (97, 0), (100, 0), (103, 0), (106, 0), (109, 0), (112, 0), (115, 0), (118, 0);
store (61, 0), (64, 0), (67, 0), (70, 0), (73, 0), (76, 0), (79, 0), (82, 0), (85, 0), (88, 0), (91, 0), (94, 0), (97, 0), (100, 0), (103, 0), (106, 0), (109, 0), (112, 0), (115, 0), (118, 0) to (60, 0), (63, 0), (66, 0), (69, 0), (72, 0), (75, 0), (78, 0), (81, 0), (84, 0), (87, 0), (90, 0), (93, 0), (96, 0), (99, 0), (102, 0), (105, 0), (108, 0), (111, 0), (114, 0), (117, 0);
rz(1.5708) at (0, 0), (3, 0), (6, 0), (9, 0), (12, 0), (15, 0), (18, 0), (21, 0), (27, 0), (30, 0), (33, 0), (36, 0), (39, 0), (42, 0), (45, 0), (48, 0), (51, 0), (54, 0), (57, 0), (60, 0), (63, 0), (66, 0), (69, 0), (72, 0), (75, 0), (78, 0), (81, 0), (84, 0), (87, 0), (90, 0), (93, 0), (96, 0), (99, 0), (102, 0), (105, 0), (108, 0), (111, 0), (114, 0), (117, 0);
rz(1.5708) at (60, 0);
load (24, 0), (9, 0), (3, 0), (0, 0) to (25, 0), (10, 0), (4, 0), (1, 0);
move (10, 0), (4, 0), (1, 0), (25, 0) to (25, 0), (22, 0), (10, 0), (31, 0);
load (27, 0), (12, 0), (6, 0) to (28, 0), (13, 0), (7, 0);
move (25, 0), (22, 0), (13, 0), (10, 0), (7, 0), (28, 0), (31, 0) to (34, 0), (31, 0), (28, 0), (25, 0), (22, 0), (40, 0), (43, 0);
load (36, 0), (18, 0), (15, 0) to (37, 0), (19, 0), (16, 0);
move (22, 0), (19, 0), (16, 0), (25, 0), (28, 0), (31, 0), (34, 0), (37, 0), (40, 0), (43, 0) to (91, 0), (37, 0), (34, 0), (97, 0), (100, 0), (103, 0), (106, 0), (109, 0), (112, 0), (115, 0);
load (93, 0), (39, 0), (30, 0) to (94, 0), (40, 0), (31, 0);
move (34, 0), (31, 0), (37, 0), (40, 0), (91, 0), (94, 0), (97, 0), (100, 0), (103, 0), (106, 0), (109, 0), (112, 0), (115, 0) to (40, 0), (37, 0), (46, 0), (49, 0), (124, 0), (127, 0), (130, 0), (133, 0), (136, 0), (139, 0), (142, 0), (145, 0), (148, 0);
load (42, 0), (120, 0) to (43, 0), (121, 0);
move (37, 0), (40, 0), (43, 0), (46, 0), (49, 0), (121, 0), (124, 0), (127, 0), (130, 0), (133, 0), (136, 0), (139, 0), (142, 0), (145, 0), (148, 0) to (43, 0), (49, 0), (52, 0), (55, 0), (58, 0), (61, 0), (64, 0), (67, 0), (70, 0), (73, 0), (76, 0), (79, 0), (82, 0), (85, 0), (88, 0);
load (45, 0) to (46, 0);
move (43, 0), (46, 0), (49, 0), (52, 0), (55, 0), (58, 0), (61, 0), (64, 0), (67, 0), (70, 0), (73, 0), (76, 0), (79, 0), (82, 0), (85, 0), (88, 0) to (106, 0), (112, 0), (115, 0), (118, 0), (121, 0), (124, 0), (127, 0), (130, 0), (133, 0), (136, 0), (139, 0), (142, 0), (145, 0), (148, 0), (151, 0), (154, 0);
load (108, 0), (54, 0) to (109, 0), (55, 0);
move (106, 0), (55, 0), (109, 0), (112, 0), (115, 0), (118, 0), (121, 0), (124, 0), (127, 0), (130, 0), (133, 0), (136, 0), (139, 0), (142, 0), (145, 0), (148, 0), (151, 0), (154, 0) to (109, 0), (106, 0), (115, 0), (118, 0), (121, 0), (124, 0), (127, 0), (130, 0), (133, 0), (136, 0), (139, 0), (142, 0), (145, 0), (148, 0), (151, 0), (154, 0), (157, 0), (160, 0);
load (111, 0) to (112, 0);
move (106, 0), (109, 0), (112, 0), (115, 0), (118, 0), (121, 0), (124, 0), (127, 0), (130, 0), (133, 0), (136, 0), (139, 0), (142, 0), (145, 0), (148, 0), (151, 0), (154, 0), (157, 0), (160, 0) to (121, 0), (124, 0), (127, 0), (130, 0), (133, 0), (136, 0), (139, 0), (142, 0), (145, 0), (148, 0), (151, 0), (154, 0), (157, 0), (160, 0), (163, 0), (166, 0), (169, 0), (172, 0), (175, 0);
load (117, 0) to (118, 0);
move (172, 0), (169, 0), (166, 0), (163, 0), (160, 0), (157, 0), (118, 0), (121, 0), (175, 0), (154, 0), (124, 0), (127, 0), (130, 0), (133, 0), (136, 0), (139, 0), (142, 0), (145, 0), (148, 0), (151, 0) to (216, 307), (206, 307), (196, 307), (186, 307), (176, 307), (166, 307), (36, 307), (46, 307), (226, 307), (156, 307), (56, 307), (66, 307), (76, 307), (86, 307), (96, 307), (106, 307), (116, 307), (126, 307), (136, 307), (146, 307);
store (216, 307), (206, 307), (196, 307), (186, 307), (176, 307), (166, 307), (36, 307), (46, 307), (226, 307), (156, 307), (56, 307), (66, 307), (76, 307), (86, 307), (96, 307), (106, 307), (116, 307), (126, 307), (136, 307), (146, 307) to (215, 307), (205, 307), (195, 307), (185, 307), (175, 307), (165, 307), (35, 307), (45, 307), (225, 307), (155, 307), (55, 307), (65, 307), (75, 307), (85, 307), (95, 307), (105, 307), (115, 307), (125, 307), (135, 307), (145, 307);
load (84, 0), (69, 0), (63, 0), (60, 0), (33, 0) to (85, 0), (70, 0), (64, 0), (61, 0), (34, 0);
move (70, 0), (64, 0), (61, 0), (34, 0), (85, 0) to (85, 0), (82, 0), (70, 0), (67, 0), (91, 0);
load (87, 0), (72, 0), (48, 0) to (88, 0), (73, 0), (49, 0);
move (85, 0), (82, 0), (73, 0), (70, 0), (67, 0), (49, 0), (88, 0), (91, 0) to (94, 0), (91, 0), (88, 0), (85, 0), (82, 0), (64, 0), (100, 0), (103, 0);
load (96, 0), (66, 0), (51, 0) to (97, 0), (67, 0), (52, 0);
move (64, 0), (52, 0), (67, 0), (82, 0), (85, 0), (88, 0), (91, 0), (94, 0), (97, 0), (100, 0), (103, 0) to (73, 0), (70, 0), (127, 0), (130, 0), (133, 0), (136, 0), (139, 0), (142, 0), (145, 0), (148, 0), (151, 0);
load (99, 0), (78, 0), (75, 0), (57, 0), (123, 0) to (100, 0), (79, 0), (76, 0), (58, 0), (124, 0);
move (76, 0), (73, 0), (70, 0), (58, 0), (79, 0), (100, 0), (124, 0), (127, 0), (130, 0), (133, 0), (136, 0), (139, 0), (142, 0), (145, 0), (148, 0), (151, 0) to (100, 0), (97, 0), (94, 0), (88, 0), (106, 0), (109, 0), (112, 0), (115, 0), (118, 0), (121, 0), (124, 0), (127, 0), (130, 0), (133, 0), (136, 0), (139, 0);
load (102, 0), (90, 0) to (103, 0), (91, 0);
move (97, 0), (94, 0), (91, 0), (88, 0), (100, 0), (103, 0), (106, 0), (109, 0), (112, 0), (115, 0), (118, 0), (121, 0), (124, 0), (127, 0), (130, 0), (133, 0), (136, 0), (139, 0) to (103, 0), (100, 0), (97, 0), (94, 0), (109, 0), (112, 0), (115, 0), (118, 0), (121, 0), (124, 0), (127, 0), (130, 0), (133, 0), (136, 0), (139, 0), (142, 0), (145, 0), (148, 0);
load (105, 0) to (106, 0);
move (94, 0), (97, 0), (100, 0), (103, 0), (106, 0), (109, 0), (112, 0), (115, 0), (118, 0), (121, 0), (124, 0), (127, 0), (130, 0), (133, 0), (136, 0), (139, 0), (142, 0), (145, 0), (148, 0) to (112, 0), (118, 0), (121, 0), (124, 0), (127, 0), (130, 0), (133, 0), (136, 0), (139, 0), (142, 0), (145, 0), (148, 0), (151, 0), (154, 0), (157, 0), (160, 0), (163, 0), (166, 0), (169, 0);
load (114, 0) to (115, 0);
move (112, 0), (115, 0), (118, 0), (121, 0), (124, 0), (127, 0), (130, 0), (133, 0), (136, 0), (139, 0), (142, 0), (145, 0), (148, 0), (151, 0), (154, 0), (157, 0), (160, 0), (163, 0), (166, 0), (169, 0) to (35, 308), (45, 308), (55, 308), (65, 308), (75, 308), (85, 308), (95, 308), (105, 308), (115, 308), (125, 308), (135, 308), (145, 308), (155, 308), (165, 308), (175, 308), (185, 308), (195, 308), (205, 308), (215, 308), (225, 308);
cz;
move (35, 308), (45, 308), (55, 308), (65, 308), (75, 308), (85, 308), (95, 308), (105, 308), (115, 308), (125, 308), (135, 308), (145, 308), (155, 308), (165, 308), (175, 308), (185, 308), (195, 308), (205, 308), (215, 308), (225, 308) to (1, 0), (4, 0), (7, 0), (10, 0), (13, 0), (16, 0), (19, 0), (25, 0), (28, 0), (31, 0), (34, 0), (37, 0), (40, 0), (43, 0), (46, 0), (49, 0), (52, 0), (55, 0), (58, 0), (61, 0);
store (1, 0), (4, 0), (7, 0), (10, 0), (13, 0), (16, 0), (19, 0), (25, 0), (28, 0), (31, 0), (34, 0), (37, 0), (40, 0), (43, 0), (46, 0), (49, 0), (52, 0), (55, 0), (58, 0), (61, 0) to (0, 0), (3, 0), (6, 0), (9, 0), (12, 0), (15, 0), (18, 0), (24, 0), (27, 0), (30, 0), (33, 0), (36, 0), (39, 0), (42, 0), (45, 0), (48, 0), (51, 0), (54, 0), (57, 0), (60, 0);
load (35, 307), (45, 307), (55, 307), (65, 307), (75, 307), (85, 307), (95, 307), (105, 307), (115, 307), (125, 307), (135, 307), (145, 307), (155, 307), (165, 307), (175, 307), (185, 307), (195, 307), (205, 307), (215, 307), (225, 307) to (36, 307), (46, 307), (56, 307), (66, 307), (76, 307), (86, 307), (96, 307), (106, 307), (116, 307), (126, 307), (136, 307), (146, 307), (156, 307), (166, 307), (176, 307), (186, 307), (196, 307), (206, 307), (216, 307), (226, 307);
move (36, 307), (46, 307), (56, 307), (66, 307), (76, 307), (86, 307), (96, 307), (106, 307), (116, 307), (126, 307), (136, 307), (146, 307), (156, 307), (166, 307), (176, 307), (186, 307), (196, 307), (206, 307), (216, 307), (226, 307) to (64, 0), (67, 0), (70, 0), (73, 0), (76, 0), (79, 0), (85, 0), (88, 0), (91, 0), (94, 0), (97, 0), (100, 0), (103, 0), (106, 0), (109, 0), (112, 0), (115, 0), (118, 0), (121, 0), (124, 0);
store (64, 0), (67, 0), (70, 0), (73, 0), (76, 0), (79, 0), (85, 0), (88, 0), (91, 0), (94, 0), (97, 0), (100, 0), (103, 0), (106, 0), (109, 0), (112, 0), (115, 0), (118, 0), (121, 0), (124, 0) to (63, 0), (66, 0), (69, 0), (72, 0), (75, 0), (78, 0), (84, 0), (87, 0), (90, 0), (93, 0), (96, 0), (99, 0), (102, 0), (105, 0), (108, 0), (111, 0), (114, 0), (117, 0), (120, 0), (123, 0);
rz(1.5708) at (0, 0), (9, 0), (15, 0), (24, 0), (27, 0), (30, 0), (33, 0), (36, 0), (54, 0), (60, 0), (66, 0), (69, 0), (75, 0), (84, 0), (96, 0), (102, 0), (108, 0), (111, 0), (114, 0), (120, 0);
load (54, 0), (0, 0) to (55, 0), (1, 0);
move (1, 0), (55, 0) to (55, 0), (67, 0);
load (63, 0), (60, 0), (57, 0), (27, 0) to (64, 0), (61, 0), (58, 0), (28, 0);
move (55, 0), (28, 0), (58, 0), (61, 0), (64, 0), (67, 0) to (94, 0), (91, 0), (100, 0), (103, 0), (106, 0), (109, 0);
load (96, 0) to (97, 0);
move (91, 0), (94, 0), (97, 0), (100, 0), (103, 0), (106, 0), (109, 0) to (115, 0), (121, 0), (124, 0), (127, 0), (130, 0), (133, 0), (136, 0);
load (117, 0) to (118, 0);
move (115, 0), (118, 0), (121, 0), (124, 0), (127, 0), (130, 0), (133, 0), (136, 0) to (36, 307), (46, 307), (56, 307), (66, 307), (196, 307), (206, 307), (216, 307), (226, 307);
store (36, 307), (46, 307), (56, 307), (66, 307), (196, 307), (206, 307), (216, 307), (226, 307) to (35, 307), (45, 307), (55, 307), (65, 307), (195, 307), (205, 307), (215, 307), (225, 307);
load (3, 0) to (4, 0);
move (4, 0) to (115, 0);
load (111, 0), (6, 0) to (112, 0), (7, 0);
move (7, 0), (112, 0), (115, 0) to (106, 0), (109, 0), (112, 0);
load (102, 0), (33, 0), (30, 0) to (103, 0), (34, 0), (31, 0);
move (31, 0), (34, 0), (103, 0), (106, 0), (109, 0), (112, 0) to (109, 0), (112, 0), (115, 0), (118, 0), (121, 0), (124, 0);
load (105, 0) to (106, 0);
move (106, 0), (109, 0), (112, 0), (115, 0), (118, 0), (121, 0), (124, 0) to (35, 308), (45, 308), (55, 308), (195, 308), (205, 308), (215, 308), (225, 308);
cz;
move (35, 308), (45, 308), (55, 308), (195, 308), (205, 308), (215, 308), (225, 308) to (24, 308), (29, 308), (65, 308), (75, 308), (85, 308), (95, 308), (105, 308);
cz;
move (24, 308), (29, 308), (65, 308), (75, 308), (85, 308), (95, 308), (105, 308) to (1, 0), (4, 0), (7, 0), (28, 0), (31, 0), (34, 0), (55, 0);
store (1, 0), (4, 0), (7, 0), (28, 0), (31, 0), (34, 0), (55, 0) to (0, 0), (3, 0), (6, 0), (27, 0), (30, 0), (33, 0), (54, 0);
load (35, 307), (45, 307), (55, 307), (65, 307), (195, 307), (205, 307), (215, 307), (225, 307) to (36, 307), (46, 307), (56, 307), (66, 307), (196, 307), (206, 307), (216, 307), (226, 307);
move (36, 307), (46, 307), (56, 307), (66, 307), (196, 307), (206, 307), (216, 307), (226, 307) to (58, 0), (61, 0), (64, 0), (97, 0), (103, 0), (106, 0), (112, 0), (118, 0);
store (58, 0), (61, 0), (64, 0), (97, 0), (103, 0), (106, 0), (112, 0), (118, 0) to (57, 0), (60, 0), (63, 0), (96, 0), (102, 0), (105, 0), (111, 0), (117, 0);
rz(1.5708) at (0, 0), (6, 0), (30, 0), (54, 0), (60, 0), (96, 0), (102, 0), (111, 0);
rz(1.5708) at (0, 0), (6, 0), (30, 0), (54, 0), (60, 0), (102, 0), (111, 0);
load (21, 0), (15, 0) to (22, 0), (16, 0);
move (16, 0), (22, 0) to (88, 0), (91, 0);
load (84, 0), (78, 0), (51, 0), (39, 0), (30, 0), (27, 0), (24, 0) to (85, 0), (79, 0), (52, 0), (40, 0), (31, 0), (28, 0), (25, 0);
move (79, 0), (52, 0), (40, 0), (31, 0), (28, 0), (25, 0), (85, 0), (88, 0), (91, 0) to (97, 0), (94, 0), (91, 0), (88, 0), (31, 0), (28, 0), (112, 0), (115, 0), (118, 0);
load (108, 0), (99, 0), (33, 0) to (109, 0), (100, 0), (34, 0);
move (88, 0), (34, 0), (31, 0), (28, 0), (91, 0), (94, 0), (97, 0), (100, 0), (109, 0), (112, 0), (115, 0), (118, 0) to (118, 0), (115, 0), (112, 0), (55, 0), (124, 0), (127, 0), (130, 0), (133, 0), (136, 0), (139, 0), (142, 0), (145, 0);
load (120, 0), (63, 0), (60, 0), (57, 0), (45, 0) to (121, 0), (64, 0), (61, 0), (58, 0), (46, 0);
move (112, 0), (64, 0), (61, 0), (58, 0), (55, 0), (46, 0), (115, 0), (118, 0), (121, 0), (124, 0), (127, 0), (130, 0), (133, 0), (136, 0), (139, 0), (142, 0), (145, 0) to (115, 0), (112, 0), (94, 0), (91, 0), (88, 0), (85, 0), (121, 0), (124, 0), (127, 0), (130, 0), (133, 0), (136, 0), (139, 0), (142, 0), (145, 0), (148, 0), (151, 0);
load (117, 0), (96, 0) to (118, 0), (97, 0);
move (85, 0), (88, 0), (91, 0), (94, 0), (97, 0), (112, 0), (115, 0), (118, 0), (121, 0), (124, 0), (127, 0), (130, 0), (133, 0), (136, 0), (139, 0), (142, 0), (145, 0), (148, 0), (151, 0) to (112, 0), (118, 0), (121, 0), (124, 0), (127, 0), (130, 0), (133, 0), (136, 0), (139, 0), (142, 0), (145, 0), (148, 0), (151, 0), (154, 0), (157, 0), (160, 0), (163, 0), (166, 0), (169, 0);
load (114, 0) to (115, 0);
move (169, 0), (166, 0), (163, 0), (160, 0), (157, 0), (154, 0), (151, 0), (112, 0), (115, 0), (118, 0), (121, 0), (139, 0), (124, 0), (127, 0), (130, 0), (148, 0), (133, 0), (136, 0), (142, 0), (145, 0) to (226, 307), (216, 307), (206, 307), (196, 307), (186, 307), (176, 307), (166, 307), (36, 307), (46, 307), (56, 307), (66, 307), (126, 307), (76, 307), (86, 307), (96, 307), (156, 307), (106, 307), (116, 307), (136, 307), (146, 307);
store (226, 307), (216, 307), (206, 307), (196, 307), (186, 307), (176, 307), (166, 307), (36, 307), (46, 307), (56, 307), (66, 307), (126, 307), (76, 307), (86, 307), (96, 307), (156, 307), (106, 307), (116, 307), (136, 307), (146, 307) to (225, 307), (215, 307), (205, 307), (195, 307), (185, 307), (175, 307), (165, 307), (35, 307), (45, 307), (55, 307), (65, 307), (125, 307), (75, 307), (85, 307), (95, 307), (155, 307), (105, 307), (115, 307), (135, 307), (145, 307);
load (93, 0), (90, 0), (87, 0), (69, 0), (9, 0), (6, 0), (3, 0), (0, 0) to (94, 0), (91, 0), (88, 0), (70, 0), (10, 0), (7, 0), (4, 0), (1, 0);
move (10, 0), (7, 0), (4, 0), (1, 0), (70, 0), (88, 0), (91, 0), (94, 0) to (73, 0), (52, 0), (10, 0), (7, 0), (79, 0), (82, 0), (85, 0), (88, 0);
load (75, 0), (66, 0), (54, 0), (12, 0) to (76, 0), (67, 0), (55, 0), (13, 0);
move (55, 0), (52, 0), (13, 0), (10, 0), (7, 0), (67, 0), (73, 0), (76, 0), (79, 0), (82, 0), (85, 0), (88, 0) to (70, 0), (67, 0), (64, 0), (61, 0), (58, 0), (76, 0), (79, 0), (82, 0), (85, 0), (88, 0), (91, 0), (94, 0);
load (72, 0), (18, 0) to (73, 0), (19, 0);
move (70, 0), (67, 0), (64, 0), (61, 0), (58, 0), (19, 0), (73, 0), (76, 0), (79, 0), (82, 0), (85, 0), (88, 0), (91, 0), (94, 0) to (103, 0), (100, 0), (97, 0), (94, 0), (91, 0), (79, 0), (109, 0), (112, 0), (115, 0), (118, 0), (121, 0), (124, 0), (127, 0), (130, 0);
load (105, 0), (81, 0), (36, 0) to (106, 0), (82, 0), (37, 0);
move (103, 0), (100, 0), (97, 0), (94, 0), (91, 0), (82, 0), (79, 0), (37, 0), (106, 0), (109, 0), (112, 0), (115, 0), (118, 0), (121, 0), (124, 0), (127, 0), (130, 0) to (109, 0), (100, 0), (97, 0), (94, 0), (91, 0), (88, 0), (85, 0), (82, 0), (115, 0), (118, 0), (121, 0), (124, 0), (127, 0), (130, 0), (133, 0), (136, 0), (139, 0);
load (111, 0), (102, 0) to (112, 0), (103, 0);
move (82, 0), (85, 0), (88, 0), (91, 0), (94, 0), (97, 0), (100, 0), (103, 0), (109, 0), (112, 0), (115, 0), (118, 0), (121, 0), (124, 0), (127, 0), (130, 0), (133, 0), (136, 0), (139, 0) to (35, 308), (45, 308), (55, 308), (65, 308), (75, 308), (85, 308), (95, 308), (105, 308), (115, 308), (125, 308), (135, 308), (145, 308), (155, 308), (165, 308), (175, 308), (185, 308), (195, 308), (205, 308), (215, 308);
cz;
move (35, 308), (45, 308), (55, 308), (65, 308), (75, 308), (85, 308), (95, 308), (105, 308), (115, 308), (125, 308), (135, 308), (145, 308), (155, 308), (165, 308), (175, 308), (185, 308), (195, 308), (205, 308), (215, 308) to (24, 308), (29, 308), (225, 308), (326, 308), (331, 308), (336, 308), (341, 308), (346, 308), (351, 308), (356, 308), (361, 308), (366, 308), (371, 308), (376, 308), (381, 308), (386, 308), (391, 308), (396, 308), (401, 308);
cz;
move (24, 308), (29, 308), (225, 308), (326, 308), (331, 308), (336, 308), (341, 308), (346, 308), (351, 308), (356, 308), (361, 308), (366, 308), (371, 308), (376, 308), (381, 308), (386, 308), (391, 308), (396, 308), (401, 308) to (1, 0), (4, 0), (7, 0), (10, 0), (13, 0), (16, 0), (19, 0), (22, 0), (25, 0), (28, 0), (31, 0), (34, 0), (37, 0), (40, 0), (46, 0), (52, 0), (55, 0), (58, 0), (61, 0);
store (1, 0), (4, 0), (7, 0), (10, 0), (13, 0), (16, 0), (19, 0), (22, 0), (25, 0), (28, 0), (31, 0), (34, 0), (37, 0), (40, 0), (46, 0), (52, 0), (55, 0), (58, 0), (61, 0) to (0, 0), (3, 0), (6, 0), (9, 0), (12, 0), (15, 0), (18, 0), (21, 0), (24, 0), (27, 0), (30, 0), (33, 0), (36, 0), (39, 0), (45, 0), (51, 0), (54, 0), (57, 0), (60, 0);
load (35, 307), (45, 307), (55, 307), (65, 307), (75, 307), (85, 307), (95, 307), (105, 307), (115, 307), (125, 307), (135, 307), (145, 307), (155, 307), (165, 307), (175, 307), (185, 307), (195, 307), (205, 307), (215, 307), (225, 307) to (36, 307), (46, 307), (56, 307), (66, 307), (76, 307), (86, 307), (96, 307), (106, 307), (116, 307), (126, 307), (136, 307), (146, 307), (156, 307), (166, 307), (176, 307), (186, 307), (196, 307), (206, 307), (216, 307), (226, 307);
move (36, 307), (46, 307), (56, 307), (66, 307), (76, 307), (86, 307), (96, 307), (106, 307), (116, 307), (126, 307), (136, 307), (146, 307), (156, 307), (166, 307), (176, 307), (186, 307), (196, 307), (206, 307), (216, 307), (226, 307) to (64, 0), (67, 0), (70, 0), (73, 0), (76, 0), (79, 0), (82, 0), (85, 0), (88, 0), (91, 0), (94, 0), (97, 0), (100, 0), (103, 0), (106, 0), (109, 0), (112, 0), (115, 0), (118, 0), (121, 0);
store (64, 0), (67, 0), (70, 0), (73, 0), (76, 0), (79, 0), (82, 0), (85, 0), (88, 0), (91, 0), (94, 0), (97, 0), (100, 0), (103, 0), (106, 0), (109, 0), (112, 0), (115, 0), (118, 0), (121, 0) to (63, 0), (66, 0), (69, 0), (72, 0), (75, 0), (78, 0), (81, 0), (84, 0), (87, 0), (90, 0), (93, 0), (96, 0), (99, 0), (102, 0), (105, 0), (108, 0), (111, 0), (114, 0), (117, 0), (120, 0);
rz(1.5708) at (3, 0), (6, 0), (15, 0), (33, 0), (54, 0), (57, 0), (60, 0), (63, 0), (99, 0), (102, 0), (105, 0), (108, 0), (120, 0);
rz(1.5708) at (3, 0), (6, 0), (15, 0), (33, 0), (54, 0), (57, 0), (60, 0), (63, 0), (99, 0), (102, 0), (105, 0), (108, 0);
load (36, 0), (33, 0) to (37, 0), (34, 0);
move (34, 0), (37, 0) to (37, 0), (43, 0);
load (39, 0) to (40, 0);
move (37, 0), (40, 0), (43, 0) to (61, 0), (115, 0), (118, 0);
load (111, 0), (66, 0), (63, 0), (51, 0), (48, 0) to (112, 0), (67, 0), (64, 0), (52, 0), (49, 0);
move (67, 0), (64, 0), (61, 0), (52, 0), (49, 0), (112, 0), (115, 0), (118, 0) to (115, 0), (112, 0), (76, 0), (73, 0), (70, 0), (121, 0), (124, 0), (127, 0);
load (117, 0), (105, 0), (78, 0), (57, 0) to (118, 0), (106, 0), (79, 0), (58, 0);
move (58, 0), (70, 0), (73, 0), (76, 0), (79, 0), (106, 0), (112, 0), (115, 0), (118, 0), (121, 0), (124, 0), (127, 0) to (67, 0), (73, 0), (76, 0), (79, 0), (82, 0), (85, 0), (88, 0), (91, 0), (94, 0), (97, 0), (100, 0), (103, 0);
load (69, 0) to (70, 0);
move (103, 0), (94, 0), (100, 0), (97, 0), (85, 0), (82, 0), (88, 0), (79, 0), (76, 0), (91, 0), (70, 0), (73, 0), (67, 0) to (156, 307), (126, 307), (146, 307), (136, 307), (96, 307), (86, 307), (106, 307), (76, 307), (66, 307), (116, 307), (46, 307), (56, 307), (36, 307);
store (156, 307), (126, 307), (146, 307), (136, 307), (96, 307), (86, 307), (106, 307), (76, 307), (66, 307), (116, 307), (46, 307), (56, 307), (36, 307) to (155, 307), (125, 307), (145, 307), (135, 307), (95, 307), (85, 307), (105, 307), (75, 307), (65, 307), (115, 307), (45, 307), (55, 307), (35, 307);
load (99, 0), (54, 0), (3, 0), (0, 0) to (100, 0), (55, 0), (4, 0), (1, 0);
move (55, 0), (4, 0), (1, 0), (100, 0) to (100, 0), (58, 0), (55, 0), (106, 0);
load (102, 0), (60, 0), (45, 0), (15, 0), (6, 0) to (103, 0), (61, 0), (46, 0), (16, 0), (7, 0);
move (7, 0), (16, 0), (46, 0), (55, 0), (58, 0), (61, 0), (100, 0), (103, 0), (106, 0) to (94, 0), (100, 0), (103, 0), (106, 0), (109, 0), (112, 0), (115, 0), (118, 0), (121, 0);
load (96, 0) to (97, 0);
move (94, 0), (97, 0), (100, 0), (103, 0), (106, 0), (109, 0), (112, 0), (115, 0), (118, 0), (121, 0) to (106, 0), (112, 0), (115, 0), (118, 0), (121, 0), (124, 0), (127, 0), (130, 0), (133, 0), (136, 0);
load (108, 0) to (109, 0);
move (106, 0), (109, 0), (112, 0), (115, 0), (118, 0), (121, 0), (124, 0), (127, 0), (130, 0), (133, 0), (136, 0) to (118, 0), (124, 0), (127, 0), (130, 0), (133, 0), (136, 0), (139, 0), (142, 0), (145, 0), (148, 0), (151, 0);
load (120, 0), (114, 0) to (121, 0), (115, 0);
move (115, 0), (118, 0), (121, 0), (124, 0), (127, 0), (130, 0), (133, 0), (136, 0), (139, 0), (142, 0), (145, 0), (148, 0), (151, 0) to (35, 308), (45, 308), (55, 308), (65, 308), (75, 308), (85, 308), (95, 308), (105, 308), (115, 308), (125, 308), (135, 308), (145, 308), (155, 308);
cz;
move (35, 308), (45, 308), (55, 308), (65, 308), (75, 308), (85, 308), (95, 308), (105, 308), (115, 308), (125, 308), (135, 308), (145, 308), (155, 308) to (1, 0), (4, 0), (7, 0), (16, 0), (34, 0), (37, 0), (40, 0), (46, 0), (49, 0), (52, 0), (55, 0), (58, 0), (61, 0);
store (1, 0), (4, 0), (7, 0), (16, 0), (34, 0), (37, 0), (40, 0), (46, 0), (49, 0), (52, 0), (55, 0), (58, 0), (61, 0) to (0, 0), (3, 0), (6, 0), (15, 0), (33, 0), (36, 0), (39, 0), (45, 0), (48, 0), (51, 0), (54, 0), (57, 0), (60, 0);
load (35, 307), (45, 307), (55, 307), (65, 307), (75, 307), (85, 307), (95, 307), (105, 307), (115, 307), (125, 307), (135, 307), (145, 307), (155, 307) to (36, 307), (46, 307), (56, 307), (66, 307), (76, 307), (86, 307), (96, 307), (106, 307), (116, 307), (126, 307), (136, 307), (146, 307), (156, 307);
move (36, 307), (46, 307), (56, 307), (66, 307), (76, 307), (86, 307), (96, 307), (106, 307), (116, 307), (126, 307), (136, 307), (146, 307), (156, 307) to (64, 0), (67, 0), (70, 0), (79, 0), (97, 0), (100, 0), (103, 0), (106, 0), (109, 0), (112, 0), (115, 0), (118, 0), (121, 0);
store (64, 0), (67, 0), (70, 0), (79, 0), (97, 0), (100, 0), (103, 0), (106, 0), (109, 0), (112, 0), (115, 0), (118, 0), (121, 0) to (63, 0), (66, 0), (69, 0), (78, 0), (96, 0), (99, 0), (102, 0), (105, 0), (108, 0), (111, 0), (114, 0), (117, 0), (120, 0);
rz(1.5708) at (69, 0);
rz(1.5708) at (69, 0);
load (69, 0) to (70, 0);
move (70, 0) to (36, 307);
store (36, 307) to (35, 307);
load (6, 0) to (7, 0);
move (7, 0) to (35, 308);
cz;
move (35, 308) to (7, 0);
store (7, 0) to (6, 0);
load (35, 307) to (36, 307);
move (36, 307) to (70, 0);
store (70, 0) to (69, 0);
