init at (90, 0), (57, 0), (87, 0), (33, 0), (48, 0), (66, 0), (63, 0), (45, 0), (36, 0), (60, 0), (84, 0), (54, 0), (51, 0), (72, 0), (75, 0), (24, 0), (12, 0), (42, 0), (78, 0), (3, 0), (21, 0), (18, 0), (0, 0), (81, 0), (15, 0), (39, 0), (9, 0), (6, 0), (27, 0), (30, 0), (69, 0);
rz(1.5708) at (0, 0), (3, 0), (6, 0), (9, 0), (12, 0), (15, 0), (18, 0), (21, 0), (24, 0), (27, 0), (30, 0), (33, 0), (36, 0), (39, 0), (42, 0), (45, 0), (48, 0), (51, 0), (54, 0), (57, 0), (60, 0), (63, 0), (66, 0), (69, 0), (72, 0), (75, 0), (78, 0), (81, 0), (84, 0), (87, 0), (90, 0);
load (0, 0), (3, 0), (6, 0), (9, 0), (12, 0), (15, 0), (18, 0), (21, 0), (24, 0), (27, 0), (30, 0), (33, 0), (36, 0), (39, 0), (42, 0) to (1, 0), (4, 0), (7, 0), (10, 0), (13, 0), (16, 0), (19, 0), (22, 0), (25, 0), (28, 0), (31, 0), (34, 0), (37, 0), (40, 0), (43, 0);
move (43, 0), (40, 0), (1, 0), (4, 0), (7, 0), (10, 0), (13, 0), (31, 0), (34, 0), (16, 0), (19, 0), (37, 0), (22, 0), (25, 0), (28, 0) to (176, 307), (166, 307), (36, 307), (46, 307), (56, 307), (66, 307), (76, 307), (136, 307), (146, 307), (86, 307), (96, 307), (156, 307), (106, 307), (116, 307), (126, 307);
store (176, 307), (166, 307), (36, 307), (46, 307), (56, 307), (66, 307), (76, 307), (136, 307), (146, 307), (86, 307), (96, 307), (156, 307), (106, 307), (116, 307), (126, 307) to (175, 307), (165, 307), (35, 307), (45, 307), (55, 307), (65, 307), (75, 307), (135, 307), (145, 307), (85, 307), (95, 307), (155, 307), (105, 307), (115, 307), (125, 307);
load (45, 0), (48, 0), (51, 0), (54, 0), (57, 0), (60, 0), (63, 0), (66, 0), (69, 0), (72, 0), (75, 0), (78, 0), (81, 0), (84, 0), (87, 0) to (46, 0), (49, 0), (52, 0), (55, 0), (58, 0), (61, 0), (64, 0), (67, 0), (70, 0), (73, 0), (76, 0), (79, 0), (82, 0), (85, 0), (88, 0);
move (46, 0), (49, 0), (52, 0), (55, 0), (58, 0), (61, 0), (64, 0), (67, 0), (70, 0), (73, 0), (76, 0), (79, 0), (82, 0), (85, 0), (88, 0) to (35, 308), (45, 308), (55, 308), (65, 308), (75, 308), (85, 308), (95, 308), (105, 308), (115, 308), (125, 308), (135, 308), (145, 308), (155, 308), (165, 308), (175, 308);
cz;
move (35, 308), (45, 308), (55, 308), (65, 308), (75, 308), (85, 308), (95, 308), (105, 308), (115, 308), (125, 308), (135, 308), (145, 308), (155, 308), (165, 308), (175, 308) to (1, 0), (4, 0), (7, 0), (10, 0), (13, 0), (16, 0), (19, 0), (22, 0), (25, 0), (28, 0), (31, 0), (34, 0), (37, 0), (40, 0), (43, 0);
store (1, 0), (4, 0), (7, 0), (10, 0), (13, 0), (16, 0), (19, 0), (22, 0), (25, 0), (28, 0), (31, 0), (34, 0), (37, 0), (40, 0), (43, 0) to (0, 0), (3, 0), (6, 0), (9, 0), (12, 0), (15, 0), (18, 0), (21, 0), (24, 0), (27, 0), (30, 0), (33, 0), (36, 0), (39, 0), (42, 0);
load (35, 307), (45, 307), (55, 307), (65, 307), (75, 307), (85, 307), (95, 307), (105, 307), (115, 307), (125, 307), (135, 307), (145, 307), (155, 307), (165, 307), (175, 307) to (36, 307), (46, 307), (56, 307), (66, 307), (76, 307), (86, 307), (96, 307), (106, 307), (116, 307), (126, 307), (136, 307), (146, 307), (156, 307), (166, 307), (176, 307);
move (36, 307), (46, 307), (56, 307), (66, 307), (76, 307), (86, 307), (96, 307), (106, 307), (116, 307), (126, 307), (136, 307), (146, 307), (156, 307), (166, 307), (176, 307) to (46, 0), (49, 0), (52, 0), (55, 0), (58, 0), (61, 0), (64, 0), (67, 0), (70, 0), (73, 0), (76, 0), (79, 0), (82, 0), (85, 0), (88, 0);
store (46, 0), (49, 0), (52, 0), (55, 0), (58, 0), (61, 0), (64, 0), (67, 0), (70, 0), (73, 0), (76, 0), (79, 0), (82, 0), (85, 0), (88, 0) to (45, 0), (48, 0), (51, 0), (54, 0), (57, 0), (60, 0), (63, 0), (66, 0), (69, 0), (72, 0), (75, 0), (78, 0), (81, 0), (84, 0), (87, 0);
rz(1.5708) at (0, 0), (3, 0), (6, 0), (9, 0), (12, 0), (15, 0), (18, 0), (21, 0), (24, 0), (27, 0), (30, 0), (33, 0), (36, 0), (39, 0), (42, 0), (45, 0), (48, 0), (51, 0), (54, 0), (57, 0), (60, 0), (63, 0), (66, 0), (69, 0), (72, 0), (75, 0), (78, 0), (81, 0), (84, 0), (87, 0);
load (57, 0) to (58, 0);
move (58, 0) to (36, 307);
store (36, 307) to (35, 307);
load (90, 0) to (91, 0);
move (91, 0) to (35, 308);
cz;
move (35, 308) to (58, 0);
store (58, 0) to (57, 0);
load (35, 307) to (36, 307);
move (36, 307) to (91, 0);
store (91, 0) to (90, 0);
rz(1.5708) at (90, 0);
load (90, 0) to (91, 0);
move (91, 0) to (36, 307);
store (36, 307) to (35, 307);
load (12, 0) to (13, 0);
move (13, 0) to (35, 308);
cz;
move (35, 308) to (13, 0);
store (13, 0) to (12, 0);
load (35, 307) to (36, 307);
move (36, 307) to (91, 0);
store (91, 0) to (90, 0);
rz(1.5708) at (12, 0), (90, 0);
load (90, 0), (12, 0) to (91, 0), (13, 0);
move (91, 0), (13, 0) to (46, 307), (36, 307);
store (46, 307), (36, 307) to (45, 307), (35, 307);
load (57, 0) to (58, 0);
move (58, 0) to (35, 308);
cz;
move (35, 308) to (45, 308);
cz;
move (45, 308) to (13, 0);
store (13, 0) to (12, 0);
load (35, 307), (45, 307) to (36, 307), (46, 307);
move (36, 307), (46, 307) to (58, 0), (91, 0);
store (58, 0), (91, 0) to (57, 0), (90, 0);
rz(1.5708) at (57, 0), (90, 0);
rz(1.5708) at (57, 0);
load (90, 0), (12, 0) to (91, 0), (13, 0);
move (91, 0), (13, 0) to (46, 307), (36, 307);
store (46, 307), (36, 307) to (45, 307), (35, 307);
load (57, 0) to (58, 0);
move (58, 0) to (91, 0);
load (87, 0) to (88, 0);
move (88, 0), (91, 0) to (29, 308), (35, 308);
cz;
move (29, 308), (35, 308) to (35, 308), (45, 308);
cz;
move (35, 308), (45, 308) to (13, 0), (58, 0);
store (13, 0), (58, 0) to (12, 0), (57, 0);
load (35, 307), (45, 307) to (36, 307), (46, 307);
move (36, 307), (46, 307) to (88, 0), (91, 0);
store (88, 0), (91, 0) to (87, 0), (90, 0);
rz(1.5708) at (12, 0);
load (12, 0) to (13, 0);
move (13, 0) to (36, 307);
store (36, 307) to (35, 307);
load (42, 0) to (43, 0);
move (43, 0) to (35, 308);
cz;
move (35, 308) to (13, 0);
store (13, 0) to (12, 0);
load (35, 307) to (36, 307);
move (36, 307) to (43, 0);
store (43, 0) to (42, 0);
rz(1.5708) at (12, 0), (42, 0);
load (42, 0), (12, 0) to (43, 0), (13, 0);
move (43, 0), (13, 0) to (46, 307), (36, 307);
store (46, 307), (36, 307) to (45, 307), (35, 307);
load (87, 0) to (88, 0);
move (88, 0) to (35, 308);
cz;
move (35, 308) to (45, 308);
cz;
move (45, 308) to (13, 0);
store (13, 0) to (12, 0);
load (35, 307), (45, 307) to (36, 307), (46, 307);
move (36, 307), (46, 307) to (43, 0), (88, 0);
store (43, 0), (88, 0) to (42, 0), (87, 0);
rz(1.5708) at (42, 0), (87, 0);
rz(1.5708) at (42, 0);
load (87, 0), (12, 0) to (88, 0), (13, 0);
move (88, 0), (13, 0) to (46, 307), (36, 307);
store (46, 307), (36, 307) to (45, 307), (35, 307);
load (42, 0), (33, 0) to (43, 0), (34, 0);
move (34, 0), (43, 0) to (29, 308), (35, 308);
cz;
move (29, 308), (35, 308) to (35, 308), (45, 308);
cz;
move (35, 308), (45, 308) to (13, 0), (34, 0);
store (13, 0), (34, 0) to (12, 0), (33, 0);
load (35, 307), (45, 307) to (36, 307), (46, 307);
move (36, 307), (46, 307) to (43, 0), (88, 0);
store (43, 0), (88, 0) to (42, 0), (87, 0);
rz(1.5708) at (12, 0);
load (12, 0) to (13, 0);
move (13, 0) to (36, 307);
store (36, 307) to (35, 307);
load (78, 0) to (79, 0);
move (79, 0) to (35, 308);
cz;
move (35, 308) to (13, 0);
store (13, 0) to (12, 0);
load (35, 307) to (36, 307);
move (36, 307) to (79, 0);
store (79, 0) to (78, 0);
rz(1.5708) at (12, 0), (78, 0);
load (78, 0), (12, 0) to (79, 0), (13, 0);
move (79, 0), (13, 0) to (46, 307), (36, 307);
store (46, 307), (36, 307) to (45, 307), (35, 307);
load (42, 0) to (43, 0);
move (43, 0) to (35, 308);
cz;
move (35, 308) to (45, 308);
cz;
move (45, 308) to (13, 0);
store (13, 0) to (12, 0);
load (35, 307), (45, 307) to (36, 307), (46, 307);
move (36, 307), (46, 307) to (43, 0), (79, 0);
store (43, 0), (79, 0) to (42, 0), (78, 0);
rz(1.5708) at (42, 0), (78, 0);
rz(1.5708) at (42, 0);
load (78, 0), (12, 0) to (79, 0), (13, 0);
move (79, 0), (13, 0) to (46, 307), (36, 307);
store (46, 307), (36, 307) to (45, 307), (35, 307);
load (42, 0) to (43, 0);
move (43, 0) to (52, 0);
load (48, 0) to (49, 0);
move (49, 0), (52, 0) to (29, 308), (35, 308);
cz;
move (29, 308), (35, 308) to (35, 308), (45, 308);
cz;
move (35, 308), (45, 308) to (13, 0), (43, 0);
store (13, 0), (43, 0) to (12, 0), (42, 0);
load (35, 307), (45, 307) to (36, 307), (46, 307);
move (36, 307), (46, 307) to (49, 0), (79, 0);
store (49, 0), (79, 0) to (48, 0), (78, 0);
rz(1.5708) at (12, 0);
load (12, 0) to (13, 0);
move (13, 0) to (36, 307);
store (36, 307) to (35, 307);
load (3, 0) to (4, 0);
move (4, 0) to (35, 308);
cz;
move (35, 308) to (4, 0);
store (4, 0) to (3, 0);
load (35, 307) to (36, 307);
move (36, 307) to (13, 0);
store (13, 0) to (12, 0);
rz(1.5708) at (3, 0), (12, 0);
load (12, 0), (3, 0) to (13, 0), (4, 0);
move (13, 0), (4, 0) to (46, 307), (36, 307);
store (46, 307), (36, 307) to (45, 307), (35, 307);
load (48, 0) to (49, 0);
move (49, 0) to (35, 308);
cz;
move (35, 308) to (45, 308);
cz;
move (45, 308) to (4, 0);
store (4, 0) to (3, 0);
load (35, 307), (45, 307) to (36, 307), (46, 307);
move (36, 307), (46, 307) to (13, 0), (49, 0);
store (13, 0), (49, 0) to (12, 0), (48, 0);
rz(1.5708) at (12, 0), (48, 0);
rz(1.5708) at (12, 0);
load (48, 0), (3, 0) to (49, 0), (4, 0);
move (49, 0), (4, 0) to (46, 307), (36, 307);
store (46, 307), (36, 307) to (45, 307), (35, 307);
load (12, 0) to (13, 0);
move (13, 0) to (70, 0);
load (66, 0) to (67, 0);
move (67, 0), (70, 0) to (29, 308), (35, 308);
cz;
move (29, 308), (35, 308) to (35, 308), (45, 308);
cz;
move (35, 308), (45, 308) to (4, 0), (13, 0);
store (4, 0), (13, 0) to (3, 0), (12, 0);
load (35, 307), (45, 307) to (36, 307), (46, 307);
move (36, 307), (46, 307) to (49, 0), (67, 0);
store (49, 0), (67, 0) to (48, 0), (66, 0);
rz(1.5708) at (3, 0);
load (3, 0) to (4, 0);
move (4, 0) to (36, 307);
store (36, 307) to (35, 307);
load (21, 0) to (22, 0);
move (22, 0) to (35, 308);
cz;
move (35, 308) to (4, 0);
store (4, 0) to (3, 0);
load (35, 307) to (36, 307);
move (36, 307) to (22, 0);
store (22, 0) to (21, 0);
rz(1.5708) at (3, 0), (21, 0);
load (21, 0), (3, 0) to (22, 0), (4, 0);
move (22, 0), (4, 0) to (46, 307), (36, 307);
store (46, 307), (36, 307) to (45, 307), (35, 307);
load (48, 0) to (49, 0);
move (49, 0) to (35, 308);
cz;
move (35, 308) to (45, 308);
cz;
move (45, 308) to (4, 0);
store (4, 0) to (3, 0);
load (35, 307), (45, 307) to (36, 307), (46, 307);
move (36, 307), (46, 307) to (22, 0), (49, 0);
store (22, 0), (49, 0) to (21, 0), (48, 0);
rz(1.5708) at (21, 0), (48, 0);
rz(1.5708) at (21, 0);
load (48, 0), (3, 0) to (49, 0), (4, 0);
move (49, 0), (4, 0) to (46, 307), (36, 307);
store (46, 307), (36, 307) to (45, 307), (35, 307);
load (21, 0) to (22, 0);
move (22, 0) to (67, 0);
load (63, 0) to (64, 0);
move (64, 0), (67, 0) to (29, 308), (35, 308);
cz;
move (29, 308), (35, 308) to (35, 308), (45, 308);
cz;
move (35, 308), (45, 308) to (4, 0), (22, 0);
store (4, 0), (22, 0) to (3, 0), (21, 0);
load (35, 307), (45, 307) to (36, 307), (46, 307);
move (36, 307), (46, 307) to (49, 0), (64, 0);
store (49, 0), (64, 0) to (48, 0), (63, 0);
rz(1.5708) at (3, 0);
load (3, 0) to (4, 0);
move (4, 0) to (36, 307);
store (36, 307) to (35, 307);
load (18, 0) to (19, 0);
move (19, 0) to (35, 308);
cz;
move (35, 308) to (4, 0);
store (4, 0) to (3, 0);
load (35, 307) to (36, 307);
move (36, 307) to (19, 0);
store (19, 0) to (18, 0);
rz(1.5708) at (3, 0), (18, 0);
load (18, 0), (3, 0) to (19, 0), (4, 0);
move (19, 0), (4, 0) to (46, 307), (36, 307);
store (46, 307), (36, 307) to (45, 307), (35, 307);
load (48, 0) to (49, 0);
move (49, 0) to (35, 308);
cz;
move (35, 308) to (45, 308);
cz;
move (45, 308) to (4, 0);
store (4, 0) to (3, 0);
load (35, 307), (45, 307) to (36, 307), (46, 307);
move (36, 307), (46, 307) to (19, 0), (49, 0);
store (19, 0), (49, 0) to (18, 0), (48, 0);
rz(1.5708) at (18, 0), (48, 0);
rz(1.5708) at (18, 0);
load (48, 0), (3, 0) to (49, 0), (4, 0);
move (49, 0), (4, 0) to (46, 307), (36, 307);
store (46, 307), (36, 307) to (45, 307), (35, 307);
load (18, 0) to (19, 0);
move (19, 0) to (49, 0);
load (45, 0) to (46, 0);
move (46, 0), (49, 0) to (29, 308), (35, 308);
cz;
move (29, 308), (35, 308) to (35, 308), (45, 308);
cz;
move (35, 308), (45, 308) to (4, 0), (19, 0);
store (4, 0), (19, 0) to (3, 0), (18, 0);
load (35, 307), (45, 307) to (36, 307), (46, 307);
move (36, 307), (46, 307) to (46, 0), (49, 0);
store (46, 0), (49, 0) to (45, 0), (48, 0);
rz(1.5708) at (3, 0);
load (3, 0) to (4, 0);
move (4, 0) to (36, 307);
store (36, 307) to (35, 307);
load (0, 0) to (1, 0);
move (1, 0) to (35, 308);
cz;
move (35, 308) to (1, 0);
store (1, 0) to (0, 0);
load (35, 307) to (36, 307);
move (36, 307) to (4, 0);
store (4, 0) to (3, 0);
rz(1.5708) at (0, 0), (3, 0);
load (3, 0), (0, 0) to (4, 0), (1, 0);
move (4, 0), (1, 0) to (46, 307), (36, 307);
store (46, 307), (36, 307) to (45, 307), (35, 307);
load (45, 0) to (46, 0);
move (46, 0) to (35, 308);
cz;
move (35, 308) to (45, 308);
cz;
move (45, 308) to (1, 0);
store (1, 0) to (0, 0);
load (35, 307), (45, 307) to (36, 307), (46, 307);
move (36, 307), (46, 307) to (4, 0), (46, 0);
store (4, 0), (46, 0) to (3, 0), (45, 0);
rz(1.5708) at (3, 0), (45, 0);
rz(1.5708) at (3, 0);
load (45, 0), (0, 0) to (46, 0), (1, 0);
move (46, 0), (1, 0) to (46, 307), (36, 307);
store (46, 307), (36, 307) to (45, 307), (35, 307);
load (3, 0) to (4, 0);
move (4, 0) to (40, 0);
load (36, 0) to (37, 0);
move (37, 0), (40, 0) to (29, 308), (35, 308);
cz;
move (29, 308), (35, 308) to (35, 308), (45, 308);
cz;
move (35, 308), (45, 308) to (1, 0), (4, 0);
store (1, 0), (4, 0) to (0, 0), (3, 0);
load (35, 307), (45, 307) to (36, 307), (46, 307);
move (36, 307), (46, 307) to (37, 0), (46, 0);
store (37, 0), (46, 0) to (36, 0), (45, 0);
rz(1.5708) at (0, 0);
load (0, 0) to (1, 0);
move (1, 0) to (36, 307);
store (36, 307) to (35, 307);
load (81, 0) to (82, 0);
move (82, 0) to (35, 308);
cz;
move (35, 308) to (1, 0);
store (1, 0) to (0, 0);
load (35, 307) to (36, 307);
move (36, 307) to (82, 0);
store (82, 0) to (81, 0);
rz(1.5708) at (0, 0), (81, 0);
load (81, 0), (0, 0) to (82, 0), (1, 0);
move (82, 0), (1, 0) to (46, 307), (36, 307);
store (46, 307), (36, 307) to (45, 307), (35, 307);
load (36, 0) to (37, 0);
move (37, 0) to (35, 308);
cz;
move (35, 308) to (45, 308);
cz;
move (45, 308) to (1, 0);
store (1, 0) to (0, 0);
load (35, 307), (45, 307) to (36, 307), (46, 307);
move (36, 307), (46, 307) to (37, 0), (82, 0);
store (37, 0), (82, 0) to (36, 0), (81, 0);
rz(1.5708) at (36, 0), (81, 0);
rz(1.5708) at (36, 0);
load (81, 0), (0, 0) to (82, 0), (1, 0);
move (82, 0), (1, 0) to (46, 307), (36, 307);
store (46, 307), (36, 307) to (45, 307), (35, 307);
load (36, 0) to (37, 0);
move (37, 0) to (64, 0);
load (60, 0) to (61, 0);
move (61, 0), (64, 0) to (29, 308), (35, 308);
cz;
move (29, 308), (35, 308) to (35, 308), (45, 308);
cz;
move (35, 308), (45, 308) to (1, 0), (37, 0);
store (1, 0), (37, 0) to (0, 0), (36, 0);
load (35, 307), (45, 307) to (36, 307), (46, 307);
move (36, 307), (46, 307) to (61, 0), (82, 0);
store (61, 0), (82, 0) to (60, 0), (81, 0);
rz(1.5708) at (0, 0);
load (0, 0) to (1, 0);
move (1, 0) to (36, 307);
store (36, 307) to (35, 307);
load (15, 0) to (16, 0);
move (16, 0) to (35, 308);
cz;
move (35, 308) to (1, 0);
store (1, 0) to (0, 0);
load (35, 307) to (36, 307);
move (36, 307) to (16, 0);
store (16, 0) to (15, 0);
rz(1.5708) at (0, 0), (15, 0);
load (15, 0), (0, 0) to (16, 0), (1, 0);
move (16, 0), (1, 0) to (46, 307), (36, 307);
store (46, 307), (36, 307) to (45, 307), (35, 307);
load (60, 0) to (61, 0);
move (61, 0) to (35, 308);
cz;
move (35, 308) to (45, 308);
cz;
move (45, 308) to (1, 0);
store (1, 0) to (0, 0);
load (35, 307), (45, 307) to (36, 307), (46, 307);
move (36, 307), (46, 307) to (16, 0), (61, 0);
store (16, 0), (61, 0) to (15, 0), (60, 0);
rz(1.5708) at (15, 0), (60, 0);
rz(1.5708) at (15, 0);
load (60, 0), (0, 0) to (61, 0), (1, 0);
move (61, 0), (1, 0) to (46, 307), (36, 307);
store (46, 307), (36, 307) to (45, 307), (35, 307);
load (15, 0) to (16, 0);
move (16, 0) to (88, 0);
load (84, 0) to (85, 0);
move (85, 0), (88, 0) to (29, 308), (35, 308);
cz;
move (29, 308), (35, 308) to (35, 308), (45, 308);
cz;
move (35, 308), (45, 308) to (1, 0), (16, 0);
store (1, 0), (16, 0) to (0, 0), (15, 0);
load (35, 307), (45, 307) to (36, 307), (46, 307);
move (36, 307), (46, 307) to (61, 0), (85, 0);
store (61, 0), (85, 0) to (60, 0), (84, 0);
rz(1.5708) at (0, 0);
load (0, 0) to (1, 0);
move (1, 0) to (36, 307);
store (36, 307) to (35, 307);
load (39, 0) to (40, 0);
move (40, 0) to (35, 308);
cz;
move (35, 308) to (1, 0);
store (1, 0) to (0, 0);
load (35, 307) to (36, 307);
move (36, 307) to (40, 0);
store (40, 0) to (39, 0);
rz(1.5708) at (0, 0), (39, 0);
load (39, 0), (0, 0) to (40, 0), (1, 0);
move (40, 0), (1, 0) to (46, 307), (36, 307);
store (46, 307), (36, 307) to (45, 307), (35, 307);
load (60, 0) to (61, 0);
move (61, 0) to (35, 308);
cz;
move (35, 308) to (45, 308);
cz;
move (45, 308) to (1, 0);
store (1, 0) to (0, 0);
load (35, 307), (45, 307) to (36, 307), (46, 307);
move (36, 307), (46, 307) to (40, 0), (61, 0);
store (40, 0), (61, 0) to (39, 0), (60, 0);
rz(1.5708) at (39, 0), (60, 0);
rz(1.5708) at (39, 0);
load (60, 0), (0, 0) to (61, 0), (1, 0);
move (61, 0), (1, 0) to (46, 307), (36, 307);
store (46, 307), (36, 307) to (45, 307), (35, 307);
load (39, 0) to (40, 0);
move (40, 0) to (58, 0);
load (54, 0) to (55, 0);
move (55, 0), (58, 0) to (29, 308), (35, 308);
cz;
move (29, 308), (35, 308) to (35, 308), (45, 308);
cz;
move (35, 308), (45, 308) to (1, 0), (40, 0);
store (1, 0), (40, 0) to (0, 0), (39, 0);
load (35, 307), (45, 307) to (36, 307), (46, 307);
move (36, 307), (46, 307) to (55, 0), (61, 0);
store (55, 0), (61, 0) to (54, 0), (60, 0);
rz(1.5708) at (0, 0);
load (0, 0) to (1, 0);
move (1, 0) to (36, 307);
store (36, 307) to (35, 307);
load (9, 0) to (10, 0);
move (10, 0) to (35, 308);
cz;
move (35, 308) to (1, 0);
store (1, 0) to (0, 0);
load (35, 307) to (36, 307);
move (36, 307) to (10, 0);
store (10, 0) to (9, 0);
rz(1.5708) at (0, 0), (9, 0);
load (9, 0), (0, 0) to (10, 0), (1, 0);
move (10, 0), (1, 0) to (46, 307), (36, 307);
store (46, 307), (36, 307) to (45, 307), (35, 307);
load (54, 0) to (55, 0);
move (55, 0) to (35, 308);
cz;
move (35, 308) to (45, 308);
cz;
move (45, 308) to (1, 0);
store (1, 0) to (0, 0);
load (35, 307), (45, 307) to (36, 307), (46, 307);
move (36, 307), (46, 307) to (10, 0), (55, 0);
store (10, 0), (55, 0) to (9, 0), (54, 0);
rz(1.5708) at (9, 0), (54, 0);
rz(1.5708) at (9, 0);
load (54, 0), (0, 0) to (55, 0), (1, 0);
move (55, 0), (1, 0) to (46, 307), (36, 307);
store (46, 307), (36, 307) to (45, 307), (35, 307);
load (9, 0) to (10, 0);
move (10, 0) to (55, 0);
load (51, 0) to (52, 0);
move (52, 0), (55, 0) to (29, 308), (35, 308);
cz;
move (29, 308), (35, 308) to (35, 308), (45, 308);
cz;
move (35, 308), (45, 308) to (1, 0), (10, 0);
store (1, 0), (10, 0) to (0, 0), (9, 0);
load (35, 307), (45, 307) to (36, 307), (46, 307);
move (36, 307), (46, 307) to (52, 0), (55, 0);
store (52, 0), (55, 0) to (51, 0), (54, 0);
rz(1.5708) at (0, 0);
load (0, 0) to (1, 0);
move (1, 0) to (36, 307);
store (36, 307) to (35, 307);
load (6, 0) to (7, 0);
move (7, 0) to (35, 308);
cz;
move (35, 308) to (1, 0);
store (1, 0) to (0, 0);
load (35, 307) to (36, 307);
move (36, 307) to (7, 0);
store (7, 0) to (6, 0);
rz(1.5708) at (0, 0), (6, 0);
load (6, 0), (0, 0) to (7, 0), (1, 0);
move (7, 0), (1, 0) to (46, 307), (36, 307);
store (46, 307), (36, 307) to (45, 307), (35, 307);
load (51, 0) to (52, 0);
move (52, 0) to (35, 308);
cz;
move (35, 308) to (45, 308);
cz;
move (45, 308) to (1, 0);
store (1, 0) to (0, 0);
load (35, 307), (45, 307) to (36, 307), (46, 307);
move (36, 307), (46, 307) to (7, 0), (52, 0);
store (7, 0), (52, 0) to (6, 0), (51, 0);
rz(1.5708) at (6, 0), (51, 0);
rz(1.5708) at (6, 0);
load (51, 0), (0, 0) to (52, 0), (1, 0);
move (52, 0), (1, 0) to (46, 307), (36, 307);
store (46, 307), (36, 307) to (45, 307), (35, 307);
load (6, 0) to (7, 0);
move (7, 0) to (76, 0);
load (72, 0) to (73, 0);
move (73, 0), (76, 0) to (29, 308), (35, 308);
cz;
move (29, 308), (35, 308) to (35, 308), (45, 308);
cz;
move (35, 308), (45, 308) to (1, 0), (7, 0);
store (1, 0), (7, 0) to (0, 0), (6, 0);
load (35, 307), (45, 307) to (36, 307), (46, 307);
move (36, 307), (46, 307) to (52, 0), (73, 0);
store (52, 0), (73, 0) to (51, 0), (72, 0);
rz(1.5708) at (0, 0);
load (0, 0) to (1, 0);
move (1, 0) to (36, 307);
store (36, 307) to (35, 307);
load (27, 0) to (28, 0);
move (28, 0) to (35, 308);
cz;
move (35, 308) to (1, 0);
store (1, 0) to (0, 0);
load (35, 307) to (36, 307);
move (36, 307) to (28, 0);
store (28, 0) to (27, 0);
rz(1.5708) at (0, 0), (27, 0);
load (27, 0), (0, 0) to (28, 0), (1, 0);
move (28, 0), (1, 0) to (46, 307), (36, 307);
store (46, 307), (36, 307) to (45, 307), (35, 307);
load (51, 0) to (52, 0);
move (52, 0) to (35, 308);
cz;
move (35, 308) to (45, 308);
cz;
move (45, 308) to (1, 0);
store (1, 0) to (0, 0);
load (35, 307), (45, 307) to (36, 307), (46, 307);
move (36, 307), (46, 307) to (28, 0), (52, 0);
store (28, 0), (52, 0) to (27, 0), (51, 0);
rz(1.5708) at (27, 0), (51, 0);
rz(1.5708) at (27, 0);
load (51, 0), (0, 0) to (52, 0), (1, 0);
move (52, 0), (1, 0) to (46, 307), (36, 307);
store (46, 307), (36, 307) to (45, 307), (35, 307);
load (27, 0) to (28, 0);
move (28, 0) to (79, 0);
load (75, 0) to (76, 0);
move (76, 0), (79, 0) to (29, 308), (35, 308);
cz;
move (29, 308), (35, 308) to (35, 308), (45, 308);
cz;
move (35, 308), (45, 308) to (1, 0), (28, 0);
store (1, 0), (28, 0) to (0, 0), (27, 0);
load (35, 307), (45, 307) to (36, 307), (46, 307);
move (36, 307), (46, 307) to (52, 0), (76, 0);
store (52, 0), (76, 0) to (51, 0), (75, 0);
rz(1.5708) at (0, 0);
load (0, 0) to (1, 0);
move (1, 0) to (36, 307);
store (36, 307) to (35, 307);
load (30, 0) to (31, 0);
move (31, 0) to (35, 308);
cz;
move (35, 308) to (1, 0);
store (1, 0) to (0, 0);
load (35, 307) to (36, 307);
move (36, 307) to (31, 0);
store (31, 0) to (30, 0);
rz(1.5708) at (0, 0), (30, 0);
load (30, 0), (0, 0) to (31, 0), (1, 0);
move (31, 0), (1, 0) to (46, 307), (36, 307);
store (46, 307), (36, 307) to (45, 307), (35, 307);
load (51, 0) to (52, 0);
move (52, 0) to (35, 308);
cz;
move (35, 308) to (45, 308);
cz;
move (45, 308) to (1, 0);
store (1, 0) to (0, 0);
load (35, 307), (45, 307) to (36, 307), (46, 307);
move (36, 307), (46, 307) to (31, 0), (52, 0);
store (31, 0), (52, 0) to (30, 0), (51, 0);
rz(1.5708) at (30, 0), (51, 0);
rz(1.5708) at (30, 0);
load (51, 0), (0, 0) to (52, 0), (1, 0);
move (52, 0), (1, 0) to (46, 307), (36, 307);
store (46, 307), (36, 307) to (45, 307), (35, 307);
load (30, 0), (24, 0) to (31, 0), (25, 0);
move (25, 0), (31, 0) to (29, 308), (35, 308);
cz;
move (29, 308), (35, 308) to (35, 308), (45, 308);
cz;
move (35, 308), (45, 308) to (1, 0), (25, 0);
store (1, 0), (25, 0) to (0, 0), (24, 0);
load (35, 307), (45, 307) to (36, 307), (46, 307);
move (36, 307), (46, 307) to (31, 0), (52, 0);
store (31, 0), (52, 0) to (30, 0), (51, 0);
rz(1.5708) at (0, 0);
load (0, 0) to (1, 0);
move (1, 0) to (36, 307);
store (36, 307) to (35, 307);
load (69, 0) to (70, 0);
move (70, 0) to (35, 308);
cz;
move (35, 308) to (1, 0);
store (1, 0) to (0, 0);
load (35, 307) to (36, 307);
move (36, 307) to (70, 0);
store (70, 0) to (69, 0);
rz(1.5708) at (0, 0), (69, 0);
load (69, 0), (0, 0) to (70, 0), (1, 0);
move (70, 0), (1, 0) to (46, 307), (36, 307);
store (46, 307), (36, 307) to (45, 307), (35, 307);
load (30, 0) to (31, 0);
move (31, 0) to (35, 308);
cz;
move (35, 308) to (45, 308);
cz;
move (45, 308) to (1, 0);
store (1, 0) to (0, 0);
load (35, 307), (45, 307) to (36, 307), (46, 307);
move (36, 307), (46, 307) to (31, 0), (70, 0);
store (31, 0), (70, 0) to (30, 0), (69, 0);
rz(1.5708) at (0, 0), (30, 0), (69, 0);
rz(1.5708) at (30, 0);
load (69, 0), (0, 0) to (70, 0), (1, 0);
move (70, 0), (1, 0) to (46, 307), (36, 307);
store (46, 307), (36, 307) to (45, 307), (35, 307);
load (30, 0) to (31, 0);
move (31, 0) to (35, 308);
cz;
move (35, 308) to (45, 308);
cz;
move (45, 308) to (1, 0);
store (1, 0) to (0, 0);
load (35, 307), (45, 307) to (36, 307), (46, 307);
move (36, 307), (46, 307) to (31, 0), (70, 0);
store (31, 0), (70, 0) to (30, 0), (69, 0);
