rank delta_logF display_delta tail ratio
1 -0.187327670958 -0.0475990902502 -1 0.829171996285
2 -0.101869823891 -0.0475990902502 -1 0.903147112194
3 -0.100495771003 -0.0475990902502 -1 0.904388937062
4 -0.076671822054 -0.0475990902502 -1 0.926193760102
5 -0.0728727054334 -0.0475990902502 -1 0.929719170692
6 -0.0494576423263 -0.0475990902502 -1 0.951745471007
7 -0.0475012717199 -0.0475012717199 0 0.953609260408
8 -0.0409345867508 -0.0409345867508 0 0.959891917543
9 -0.0409016611629 -0.0409016611629 0 0.959923523069
10 -0.0372855553727 -0.0372855553727 0 0.963400991737
11 -0.0356614066342 -0.0356614066342 0 0.964966969589
12 -0.0353835298217 -0.0353835298217 0 0.965235148793
13 -0.0345074279658 -0.0345074279658 0 0.966081163642
14 -0.0321704743111 -0.0321704743111 0 0.968341490659
15 -0.0320533636978 -0.0320533636978 0 0.968454900366
16 -0.031656657552 -0.031656657552 0 0.968839168592
17 -0.0296760776177 -0.0296760776177 0 0.970759933495
18 -0.0289072188896 -0.0289072188896 0 0.971506597746
19 -0.028062132164 -0.028062132164 0 0.972327952085
20 -0.0276804567047 -0.0276804567047 0 0.972699136634
21 -0.0259161000108 -0.0259161000108 0 0.974416839742
22 -0.0243868729429 -0.0243868729429 0 0.975908084284
23 -0.0236931839174 -0.0236931839174 0 0.976585295871
24 -0.018798821661 -0.018798821661 0 0.981376774134
25 -0.0184510929091 -0.0184510929091 0 0.981718086393
26 -0.017729005949 -0.017729005949 0 0.982427228222
27 -0.0177269083105 -0.0177269083105 0 0.982429289002
28 -0.0176899291252 -0.0176899291252 0 0.982465619108
29 -0.0167312073655 -0.0167312073655 0 0.983407981935
30 -0.0167269985999 -0.0167269985999 0 0.983412120877
31 -0.0166445744223 -0.0166445744223 0 0.983493181153
32 -0.0166343009954 -0.0166343009954 0 0.98350328505
33 -0.0164447201188 -0.0164447201188 0 0.983689756141
34 -0.0159693144354 -0.0159693144354 0 0.984157519021
35 -0.0157318477404 -0.0157318477404 0 0.984391251405
36 -0.0152508946386 -0.0152508946386 0 0.984864811302
37 -0.0150016884298 -0.0150016884298 0 0.985110276312
38 -0.0136226530637 -0.0136226530637 0 0.986469715364
39 -0.0134695368411 -0.0134695368411 0 0.986620771445
40 -0.0122805785524 -0.0122805785524 0 0.98779452002
41 -0.0118912134163 -0.0118912134163 0 0.988179207655
42 -0.0110804651681 -0.0110804651681 0 0.988980697076
43 -0.0102769610894 -0.0102769610894 0 0.989775666437
44 -0.0100030872141 -0.0100030872141 0 0.990046777258
45 -0.00912588859678 -0.00912588859678 0 0.990915625943
46 -0.00776455376347 -0.00776455376347 0 0.992265512517
47 -0.00759761921624 -0.00759761921624 0 0.992431169737
48 -0.00737429462444 -0.00737429462444 0 0.992652828773
49 -0.00726424463947 -0.00726424463947 0 0.992762076213
50 -0.00593495175412 -0.00593495175412 0 0.994082625282
51 -0.00549608250776 -0.00549608250776 0 0.994518993322
52 -0.00535583844508 -0.00535583844508 0 0.994658478487
53 -0.00512774878918 -0.00512774878918 0 0.994885375672
54 -0.00498722151707 -0.00498722151707 0 0.995025194024
55 -0.00490141770458 -0.00490141770458 0 0.995110574642
56 -0.00478098983027 -0.00478098983027 0 0.995230420909
57 -0.0047270628986 -0.0047270628986 0 0.99528409208
58 -0.00410776506772 -0.00410776506772 0 0.995900660259
59 -0.00275863796151 -0.00275863796151 0 0.997245163584
60 -0.00245824856361 -0.00245824856361 0 0.997544770455
61 -0.00234940913797 -0.00234940913797 0 0.997653348564
62 -0.00226919041713 -0.00226919041713 0 0.997733382249
63 -0.00226912990213 -0.00226912990213 0 0.997733442627
64 -0.00219212302603 -0.00219212302603 0 0.997810277921
65 -0.002082425291 -0.002082425291 0 0.997919741452
66 -0.00200763916753 -0.00200763916753 0 0.997994374792
67 -0.00170323410677 -0.00170323410677 0 0.998298215573
68 -0.0016755045581 -0.0016755045581 0 0.998325898316
69 -0.000250695786197 -0.000250695786197 0 0.999749335635
70 -0.000142177770774 -0.000142177770774 0 0.999857832336
71 -6.1715392925e-05 -6.1715392925e-05 0 0.999938286511
72 8.27257935828e-05 8.27257935828e-05 0 1.00008272922
73 0.000241996878634 0.000241996878634 0 1.00024202616
74 0.000852404790962 0.000852404790962 0 1.00085276819
75 0.000890051594952 0.000890051594952 0 1.00089044781
76 0.00107902707076 0.00107902707076 0 1.00107960943
77 0.00126600327697 0.00126600327697 0 1.001266805
78 0.00202081772682 0.00202081772682 0 1.00202286096
79 0.00203106873615 0.00203106873615 0 1.00203313275
80 0.00234831931714 0.00234831931714 0 1.00235107878
81 0.00286993132234 0.00286993132234 0 1.00287405352
82 0.00310847931112 0.00310847931112 0 1.00311331564
83 0.00325916869808 0.00325916869808 0 1.00326448556
84 0.00329953767916 0.00329953767916 0 1.00330498715
85 0.00331820241503 0.00331820241503 0 1.00332371374
86 0.00365162714247 0.00365162714247 0 1.00365830246
87 0.00372077764826 0.00372077764826 0 1.00372770833
88 0.0037268689674 0.0037268689674 0 1.00373382238
89 0.00402154965288 0.00402154965288 0 1.00402964693
90 0.00435524877779 0.00435524877779 0 1.00436474666
91 0.0043553059991 0.0043553059991 0 1.00436480413
92 0.00456632896015 0.00456632896015 0 1.00457677053
93 0.00473333263571 0.00473333263571 0 1.00474455255
94 0.00475016110681 0.00475016110681 0 1.00476146101
95 0.00911338716742 0.00911338716742 0 1.00915504052
96 0.00915116266556 0.00915116266556 0 1.00919316257
97 0.00957276288928 0.00957276288928 0 1.00961872834
98 0.011065148693 0.011065148693 0 1.01112659388
99 0.012477372103 0.012477372103 0 1.01255553928
100 0.01397465623 0.01397465623 0 1.01407275819
101 0.0163347276223 0.0163347276223 0 1.01646886868
102 0.021915976486 0.021915976486 0 1.02215789556
103 0.0248413594147 0.0248413594147 0 1.02515247683
104 0.0419336203531 0.0419336203531 0 1.04282525408
105 0.072274702096 0.072274702096 0 1.07495059469
106 0.0885185382515 0.0885185382515 0 1.09255450647
107 0.0910053833531 0.0910053833531 0 1.09527490149
108 0.0969653223153 0.0969653223153 0 1.10182216432
109 0.10154076016 0.10154076016 0 1.10687503388
110 0.204418662355 0.204418662355 0 1.22681166582
111 0.319645282211 0.319645282211 0 1.37663935925
112 0.326194567604 0.326194567604 0 1.38568495205
113 0.334111650398 0.334111650398 0 1.39669907688
114 1.03287714071 1.03287714071 0 2.80913649988
115 1.05166892251 1.0338167298 1 2.86242429826
116 1.59692855205 1.0338167298 1 4.93784278213
117 2.03827158624 1.0338167298 1 7.67732812505
118 3.14899407393 1.0338167298 1 23.3126020279
119 7.51083778269 1.0338167298 1 1827.74415398
120 9.88913154837 1.0338167298 1 19714.9310382
