====================================================================================================
circuit          | ZAC steps   dur(us)     fid | GA steps   dur(us)     fid | astar steps agnostic
----------------------------------------------------------------------------------------------------
bv_n14           |        26    2790.8  0.8572 |       26    2790.8  0.8572 |           –        –
bv_n19           |        37    3975.4  0.7977 |       37    3975.4  0.7977 |           –        –
bv_n30           |        37    4096.7  0.7727 |       37    4096.7  0.7727 |          36       37
bv_n70           |        73    9132.4  0.4517 |       73    9387.0  0.4499 |          76       73
cat_n22          |        43    4619.8  0.7621 |       43    4619.8  0.7621 |          42       43
cat_n35          |        69    8208.3  0.5949 |       69    8208.3  0.5949 |          69       69
ghz_n23          |        44    4759.6  0.7509 |       44    4759.6  0.7509 |           –        –
ghz_n40          |        78    9656.3  0.5309 |       78    9656.3  0.5309 |          79       78
ghz_n78          |       154   17986.1  0.1833 |      154   17986.1  0.1833 |         157      154
ising_n42        |        22    3181.4  0.4566 |       14    1828.4  0.4742 |           9       22
ising_n98        |        23    3386.7  0.1553 |       22    3217.4  0.1570 |          12       23
knn_n31          |       157   16515.3  0.2513 |      156   17222.8  0.2476 |         149      158
multiply_n13     |        67    7361.5  0.6486 |       58    5882.6  0.6570 |          54       68
qft_n18          |       177   20512.6  0.0813 |      246   24970.8  0.0770 |         148      185
qft_n29          |       381   46792.6  0.0025 |      370   36957.7  0.0032 |         284      434
seca_n11         |       109   11344.5  0.4451 |       99    9648.6  0.4507 |          81      112
swap_test_n25    |       133   14206.6  0.3425 |      126   14314.3  0.3432 |           –        –
wstate_n27       |        72    7993.1  0.5238 |       72    7993.1  0.5238 |          62       73
----------------------------------------------------------------------------------------------------
GA/ZAC duration geomean: 0.948  (n=18)
GA mean fidelity: 0.4796  ZAC mean fidelity: 0.4782
