rank sha dlog_vs_zac dlog_vs_iccad member_N
1 61bf78e6eb8fe2cb88b844a4608037f20080a920d6382321fb11614e9e3bb9ff -0.18732767095789882 -0.17370401375563915 1
2 9e3f053dbede7457444bf109616af357b3ab6d81a6a1537fd8fe7bc8559feb88 -0.10220969388175316 -0.089618618065802735 1
3 cfc7a9ef5d3d73772fa0a79c64272948d4d312053c89a7c95c3799d068f28b2a -0.10049577100343399 -0.092941072347294096 1
4 a6601aa8a2f26cecf967808159491730a5ec445ea7982d3bada3e769531cf1b0 -0.071047354763524861 -0.076666770061817324 1
5 4b3a5ff4ee6e996fec8dbee995040ab4694fa02a4220ee8b1890926ec0ef8be2 -0.067636191327010486 -0.072966012497591048 1
6 9986622748f143462cb57b994c62dface6274571ab108abe0d5da591993d56d7 -0.049741815278439461 -0.044939600071050023 1
7 a15dd882bbe53aea063fc08cb96e33fd774fc6763d90813aa5ed1415ffb775a2 -0.047529465453454378 -0.043167600163712017 1
8 4f2d6f098c8b76352c45f0551f747e1f012bca552b5eb3dc8ae60ff0418b3c43 -0.04069011847291959 -0.040934586750791091 1
9 f42ebeaf660df39d4e1ffb31f0acaa52f76b35b6cae60b9e161b163b3a0ef143 -0.037742946917197262 -0.041003070978784528 1
10 620e145abef0b7fc3948370f538a464abbc77025fb86dcf2cd3ef23b08519a4a -0.037285555372658763 -0.036528413989202591 1
11 be9e69cdeacc1bca8baee7df907061733b8c0c8ee5f5400f69c299d861a6c725 -0.034994574629227948 -0.034782821466356584 1
12 7568bb9bf97b4ad2d03827ff66ea80cbed58e1fa811c3c6924e3154f8ac015f0 -0.034507427965849047 -0.028796369801393329 1
13 8314441e90c48c8308a3339a2101e26dc418327808ac370bf91fb6603ef666dd -0.032170474311120856 -0.030387010648089685 1
14 f3c46f00d6661f719aed8ae0269c2cf50e895946566ba9a84f25a54ea134911d -0.032053363697761128 -0.027315913303062267 1
15 18bd03509e493866a3863af424f8d69b46a78f338a1c47d89749a2fca6939020 -0.031656657551992984 -0.02922452457984881 1
16 983207e15135fbfdbac900dec7d7cc3f72d7bfe6a3ba36b5b188fdb8ecf12de1 -0.03114410542878332 -0.029231857105972647 1
17 c6a370a3fd82cb35caac5770d763a98a341d78297bfc3c07d9c74ed215b9b620 -0.029538564830300373 -0.013732662047354793 1
18 e88e32620ce6fb291b6b742761a195ada2487c3a63177d4cb5041b1265b848a3 -0.028440290686810865 -0.029676077617723617 1
19 539b7b793a955583b075fc9fc5777a4c471092863a539f628fece84ebf0880c4 -0.026304691269589675 -0.018482639770899034 1
20 eb832c5f8f923061439d844842c8a7876f763051b9241b753ac772e69888a63c -0.026005431746900731 -0.025527604140242577 1
21 040d1773bb1501d1f86ca2d9028bed22e4dbfe9728922474bce44a5531b21b5a -0.025239918367705894 -0.035383529821740645 1
22 547887c699e18e58deacddbf6fc41fe56a076cdfbc42dbf128fa464548b0253e -0.023690077285983602 -0.021739745179972125 1
23 29d2d2ba2eb18eb5ab2c49bd53f46992b37b48715ddad032382024339a0ed6c0 -0.022957503442084803 -0.027680456704735068 1
24 5260efec73d65ae2747a06787c59b701521473db0f533363151441c3756e6fd2 -0.018451092909050892 -0.017651821610312757 1
25 6bc06c9ebf9b722cea0f989fdc71fc87334708b05c6828266ddb11ced211db99 -0.01825967001360107 -0.017996255586532728 1
26 c8d56b244118432388e76545f2d8c01bfa8f43508c1f8ae17157e79bf41289da -0.017794441428593322 -0.012810109480215326 1
27 4ea7a43cd39b6fc7c5ba77d77c7ebf00dd92b539d2c56d977ff9bee8952fdd66 -0.017550642973706898 -0.017689929125204396 1
28 c8416c44c0070c3fb15d442644a2d57645ab8eacb8876b7384d5baca60842315 -0.017360549544014781 -0.015493082425154459 1
29 4ce6bfb1bf9aca450b753d6849ee005106931698bb33d26016c766f8a3c6cd05 -0.016731207365472178 -0.016073078280481212 1
30 157102116dddf0ba09f368852ccbf37928a0e99f99e9d7d4859f84655c619419 -0.016656108378805712 -0.016709318556443087 1
31 53778d274180d94de3f21dd545732c304f808e584fba613310d33d09a51d427d -0.016641175620830451 -0.016208089885125121 1
32 128f4fc145f17a5c3292150a1026e96555931cd0f863e3eed45c36c456983d23 -0.016634300995439832 -0.01623330220018826 1
33 bfa75e9edbb6ab94cd64844561c0745f471f23c85dfd068594d38324267ec989 -0.016441321246977392 -0.015952166730881068 1
34 17585b5581ef461ec1956dcfd5c0d021a2e1cd4acd8ebef58f665e2e9b95f2b1 -0.01564702375310123 -0.014789094287709359 1
35 337ec9b8fa347392e1e7680c23a11964ecce6b8d6a60f119881338597bff4df8 -0.015220263952429036 -0.014395646954306063 1
36 8dd641baf48f55eb172b86f9b05a182576f0a52226d20cb90648426e4be1ced7 -0.014028156389633839 -0.015001688429820526 1
37 f84dd3828bcf2684305f19cf03ec4cb40c22d74e2b41f5714593f6bd3f483ae9 -0.013605288031548035 -0.0095047263786425251 1
38 a349d8041680093f4e0e734c78665ba74fb201322af6505319a01c6838b887c3 -0.013384751597064204 -0.013171365651236666 1
39 923c1c3fb38d5e8209a2560552ac8abb6166dacce97b433ca1b7f99201f12f48 -0.013036450558504997 -0.015972455568943111 1
40 0a0d73bbac4f2706db89eac74c34669b900537059d81b0bf2094c7f97d0304a3 -0.01228057855243303 -0.010233857642133914 1
41 aacd9d461d97474d739216de7842190ad2c493eec99d4613f395da4a2c442559 -0.010986825373786258 -0.011079765351501236 1
42 d6706fe265e77c9974b4e2ee29fd782d6b5f06dab44521e835b1d2c32e7da411 -0.010011829129271677 -0.0055014526446031109 1
43 3b0bd2035db7cf2547b925a5bb182e565f350a0756310fc40ac23ff85782a6ad -0.0099480592894939379 -0.0084203596520268098 1
44 1a2e65e77c47deda845cff04ac39142ee67177958161cb55e0eee9ab9f5a61a5 -0.0094336485227974887 -0.010052879453156471 1
45 f0db956c320d40de51858d908aa0fe247112cd2c9c82085581052b79ba123d2c -0.0091031256729361409 0.0055056896863177052 1
46 519ea74d71d3bb4c0342bd16f13d8643d86a0d7adcc9401edc6280a5f0b3209c -0.0077645537634681849 -0.0053904703394243025 1
47 c99d557b492a18a7a3de36a4531d517c18f9e2dac5eba9a2a992076e0c8093b0 -0.0075976192162388045 -0.0072893460358846029 1
48 2b0c30df2cb02052a00194a2064cbb204e581278c89c93f9dff8bf4741e22dc2 -0.007370937158414248 -0.0069047381462767898 1
49 679c25ee91f79d2be3c2d27eabe3178ef82d031ac02f532a255f82d5b2e14470 -0.0072642446394678983 -0.0047230158430605074 1
50 a18c9f80ee68afee3443e316232d2f6de495ee5d68f0f3ff3c3605e2760916ed -0.0054960825077610687 -0.0044996853525253733 1
51 9884edf0a652dbcd3b12d359e9a7b9eee9032e6cd906954e05d636a7a12c59a4 -0.0054589480640697685 -0.0033123871482446665 1
52 e039b9c3db8f1e80604503cd9a889b8734bb4401c1182c75a38b1832e598b5aa -0.0053558384450814733 -0.0030725262364117989 1
53 86f25b05a4edb7fc286f425c98d2846447278adb82c6989aeb115afe8cfdb2e0 -0.005127748789181874 -0.0043843619899345265 1
54 ce47031e36a06fb4b5256a25a448d4bcf007a6037c20645310dce86c4bd08620 -0.0049987321608808699 -0.0046952138232215224 1
55 02ff18ecd3cbf5d461bcd36200261de37bb114a1b24a49eed03d37f500b7c215 -0.0049014177045788032 -0.0041636245298986019 1
56 1fbbcea96463dd341d6d14223fe5adfb7ba4dd3fdfaca0da507cf2a2a52eced5 -0.0047809898302712261 -0.0045907331689002406 1
57 a35a0cb5a5e80b130e60fa4e26dfdd940ac110073cf1e447d5f32ea63e0902b2 -0.0047270628986004759 -0.0027279367546700906 1
58 3851a8b648aa151f77e4ada800ff214766541778f2026981a67f714d6816d18a -0.0039347482839677816 -0.0041077650677157074 1
59 d25f1e6ffaf065bfaada147783bc65850a972bf0e1d238430518d6f2f854fcc2 -0.0036979550089834556 -0.0033631554584278023 1
60 53aa97a2f504590ddcf752e24f189501d8300245aff42164ec7a7191a327b3bc -0.0034747750738551852 -0.0009266515750551152 1
61 0d21004070d0a6614961fe081dffc6b68f22d145e1bac2b93deac3a6cbd14dbf -0.0027586379615145984 -0.0024751657803533944 1
62 dfcfb0f66a9df92dbce2a4f1948cc61f5cb144f7acf0e867f59c81b20574a24e -0.0023618661946243624 -0.0022956941311129964 1
63 2fdaaefcdde70b3b3597736046e754abdfc97b9e98f6656ea789929fdf6f0ecb -0.0022767956265875022 -0.0020306035268101152 1
64 e0b103d516baa0b7f6568f867dab262f2f66620405eb887fb0a4bc2b3b83db45 -0.0022767353096178333 -0.0020305367954862041 1
65 5c1c11e8fdb3c2c2275eee5df9f9f6294b3040059e1f7361e9a7e1e855ff38cc -0.0020824252909981966 -0.0019916409421440739 1
66 7d1896dcc5d2410f21980ed3439eddb034338ed3bc420cbd08732a56ab8a5acb -0.002007639167525832 -0.0013520863367125491 1
67 e20660c789713938e6f9c85c8aab18f2cf88dd5e6ecb77cb136fab96c9497ff9 -0.001703234106766649 -0.001048416937637936 1
68 a8f4097d0168378803725415aada0c52d1bc452c2a07d485204863fef857bf84 -0.0014034667283556179 -0.00089481656477652383 1
69 4f73524b715eb1770efc2d80fc94314f980ad04bd5d39f4bda32e9373bb5114a -0.00099439012792679193 -0.00098210827477740459 1
70 e89bcbd9bbde57b6c42fa552af0bbed91f62d8fcc42c2861bc6203eec7d7c811 -0.00025069578619672794 -7.6467379498484922e-05 1
71 58301ee4a0a5e02f220e6d4a288841abc82b921ffdda76a4f40848b79ddebfd9 -0.00013528784775942992 0.00014576109206695942 1
72 e73d2832157ee147f3cbb3f3ebebd285b8fda1cbf0b6e8f4627f21cf488be333 0.00023881430444083751 -0.00149851067157597 1
73 13f4bceb146bbcba79157a59457fb4180968dfbf0e27e986fd3a79153e3c761d 0.00025052642298434291 0.00050994984569091573 1
74 f2f31e619d116aed7be5fcda1e0a22222bbb82cc6791249a4dd8f7fb7ceeefe3 0.00085240479096171384 0.0060090898965112771 1
75 8e33e885ddd96f3b57ede11f90be05bae3c461df4b9fb1670d222413068d2d44 0.0010778503064396705 0.0015489372512099975 1
76 8005c69009fdf9618f28c60c160a00e576cac183c5a275d2382af5d76f812b14 0.0024927066366126349 0.0020310687361469182 1
77 e0dd04c87b06b77340c2ea5884b0d7aa8c08bc173a7ad4a394604075fca77d6e 0.0024927066366126349 0.0020208177268243865 1
78 68e9a8451b3ea56f9d1e2f1c4ca665dc2432ed849ff554148d57480c48d3774f 0.0028201547398240545 0.0023483193171390249 1
79 aacab69f698e7b9ecb3ad3698004174062167964aebd93c4efcbe624131bff1d 0.0032979422008487802 0.0028684096660590019 1
80 fe47d3bb3c105b7015909980311f733d2136e6caa20a9257201fd62f09832947 0.0032995376791564723 0.038011760659315996 1
81 f8c690ddce42ddef13013b6f7beb6a0d0cf6b59b925ef995cfb07da443154ebd 0.0033182024150313905 0.00743405944131309 1
82 e681b288918d9cc524f0c1d7c1a8a165a6636b4125d31d13e102129be7eb25b0 0.0034563705739323325 -0.0016755045580979511 1
83 7a422c31684da3e6854600d1c69901b391b2a7ddcf39fc3caada4e1000f7d33e 0.0035344847948799163 0.0028682783448051585 1
84 25d68584c24511a5e0c74e934a911155b0d792d0f76ad82dd8241b4aac2f6ae0 0.003726868967403707 0.0042313356555805925 1
85 42887548d9adb27f8d8ed46b6b9c73698f1b1907034eac1e0d38c3d3351b8a3f 0.0037561823783124476 0.0037336681227377738 1
86 012b9e9f7ae5656aefa02b50a70cdc55461c1dc41c9fed19de9b1e8eb288a0ae 0.0040215496528848982 0.0043260698549032889 1
87 4a6d53e313003be35a7d3c56a5702b8a2f0ce138861f1ff1de53929c6660d26a 0.0043552487777918925 0.004413860360329154 2
88 1cc205f827ac11a35917ee7ed71a78f0de65ae3e1b9a1ce15cc5f8ffc673f145 0.0043553059991024018 0.0043757169855233244 1
89 96c783c9bca0ef85595484b3ce3d699b0387661d205d223d6e547c44bdd87c0a 0.0045635873417328443 0.0036820416579306653 1
90 1339e2c7e5bc81127fa6ab1721b679c0a6f525f4446d354f7ed78b8331f01fac 0.0047501611068061708 0.0050867826570383939 1
91 f4b1830ec59011bb4fe7f2f552e3806d7023f74c8b0fd7e7126a5399b35ceca3 0.0052238600093995891 0.0047333326357081595 1
92 fe1d0e3dd99cc2fa7f2e2fcac9431aed035eea231c658fd07b119549b2c9925f 0.0052977712325321391 0.0045663289601483859 1
93 556cc6c9d99e6f8ab21856ebd4604002b6ff842e3cf3a9ebdd6c1e725fb31246 0.0063122773068213789 -0.0045537044766776891 1
94 46faae924ea2fb39bd42153545d56bde36cb7d2fb617493a033ea462bb80dfac 0.0081699093603916362 0.0031216560349666134 1
95 9296c4d9d70d4b782022666728fc1ed6948b105b09cf991b52689a4556553f5f 0.009151162665562762 0.01284498760187705 1
96 6ecd393a830744f5c1bbf3964bc813e7b8d940c7a39755f70e86d425b203bd44 0.009572762889282993 0.029644697685763388 1
97 8f646fba050365ee2bd40785201080ab4d94bb85dfd7caae056eb74513b04579 0.01054371567401724 0.0091133871674186351 1
98 5d572a80ef970ebda2c1a03568d33233b6101732d05e49d2e74bc63a1c1f2812 0.012583328241445813 0.044384020101576827 1
99 081979fd7492baf5b800ab2ecf9a40368544e0b330c139e248e5342892ed469a 0.01377158984041929 0.012741609682296068 1
100 398986b61fc4e5e4d9d1098273673bfde3ca29c4c34a234df6b6c3bc60de3fac 0.024497398403475423 0.016409018097346295 1
101 be58b162bd8a9700b69db3a25381397ae6cdfc255448c9843b1455ef0304c168 0.025081449273094636 0.019443590955943613 1
102 2fabbd1041f29f041e6f33a894239db90c289c40d9e93f6e6e5a91771055029c 0.029692276776974502 0.024841359414660591 1
103 4e61ebc66c256a3be3411259d4f7e555e5e410065ebfac0dfa43079072b7b0d3 0.049784221093776893 0.063095709302316116 1
104 905244f2543b366d276cc748f223b549e8c6712f4b686c6295e2e70e4df2d908 0.077200426840535075 0.02191597648598731 1
105 336240af3b70f2a7d564efaceb5dd66d45d448242fbce0e46d2e9bcb6c0dd8ea 0.087432904377952703 0.081979160420725505 1
106 205466da7c64551e7ef8d0ebcec9a29c26c1c6c9b66f614d19a34ff916800dc6 0.088518538251536327 0.095467980650603579 1
107 e86d670b4294ec453133e6dd18dfac6f90a9459e0c10d6fd7754d621e9f262fe 0.093811846877289162 0.099711558464191108 1
108 d800bdc1387d38e9d43ce4de7c660bcce7f9dfc81455c7ac955f18408479de3d 0.096892200427912911 0.12668640264853792 2
109 5b244278f3e4846bba65a3a6be51e000292bc1c8260030ea3df81daab0b8542c 0.11744979695277391 0.13735966206241046 1
110 5330ce57f4a8a8c2c2ac01c0f03ebfa187a9b427e0b3ff488641834ea78563f6 0.20441866235547401 0.23135972060382137 1
111 181b076ba081017381177d84383cc4f660e01506983ee907420658ef1adbd956 0.31964528221056909 0.32549424518061798 1
112 3a59691f2cef465889098b3e1fe8dfc1073bdb63f046979516e9ca7612614be8 0.33490766784725778 0.32619456760363263 1
113 cf4a8e6ee6f9677f920d283d31ac6cc79f4dc8ed011444457d1fd4be4aa0fb9d 0.34842360528366001 0.34802489126096958 1
114 f571e6b12d8e59cb4772af85d23a3ab1679b8b21df2bf9532f95989fedda1371 1.0323403764948971 1.0365815142467945 1
115 d0e9f326652454eb85d198aecf5ad7c0c22d1cd6f56afa8c33cecacfaf6bf9cd 1.084271312462505 1.051668922506785 1
116 94334a0880d4a94503440956c484a2bfa59894baae72b5892bd249f94da01983 1.7567983763994235 1.5969285520460588 1
117 9e525b1d35ed9e69aaedcf8bd3fdf71ef4f7393c6838de0a4837f6c92a652f0d 2.0892471364998499 2.1198542467102328 1
118 569391ab4b0c2412a57e1200e808a8f428979e08eaad630e86b9747cd27e1c16 3.2599765272354091 3.2116553903587146 1
119 58d3414c21ba4637af265a4f3068c543e65f5215444e5deb86f582d6bf36ae9a 7.4748119604884096 8.227492791975763 1
120 f871046094dbfeb7bd70bf21bddd523ced39b7be53e1154e0c738126b6cc84ff 10.773306112237478 9.8975443086218178 1
