rank sha dlog_vs_zac dlog_vs_iccad member_N
1 61bf78e6eb8fe2cb88b844a4608037f20080a920d6382321fb11614e9e3bb9ff -0.18660665026928314 -0.17298299306702347 1
2 9e3f053dbede7457444bf109616af357b3ab6d81a6a1537fd8fe7bc8559feb88 -0.10572771234940603 -0.093136636533455608 1
3 cfc7a9ef5d3d73772fa0a79c64272948d4d312053c89a7c95c3799d068f28b2a -0.090243988629033822 -0.082689289972893931 1
4 a6601aa8a2f26cecf967808159491730a5ec445ea7982d3bada3e769531cf1b0 -0.066880862231550875 -0.072500277529843338 1
5 4b3a5ff4ee6e996fec8dbee995040ab4694fa02a4220ee8b1890926ec0ef8be2 -0.059476618543061299 -0.064806439713641861 1
6 9986622748f143462cb57b994c62dface6274571ab108abe0d5da591993d56d7 -0.058103665510605751 -0.053301450303216313 1
7 a15dd882bbe53aea063fc08cb96e33fd774fc6763d90813aa5ed1415ffb775a2 -0.047419469714337303 -0.043057604424594942 1
8 4f2d6f098c8b76352c45f0551f747e1f012bca552b5eb3dc8ae60ff0418b3c43 -0.036120654334763636 -0.036365122612635137 1
9 f42ebeaf660df39d4e1ffb31f0acaa52f76b35b6cae60b9e161b163b3a0ef143 -0.03516163651630011 -0.038421760577887376 1
10 7568bb9bf97b4ad2d03827ff66ea80cbed58e1fa811c3c6924e3154f8ac015f0 -0.03448260497636868 -0.028771546811912962 1
11 be9e69cdeacc1bca8baee7df907061733b8c0c8ee5f5400f69c299d861a6c725 -0.034426278230461627 -0.034214525067590262 1
12 f3c46f00d6661f719aed8ae0269c2cf50e895946566ba9a84f25a54ea134911d -0.033440850810094958 -0.028703400415396096 1
13 8314441e90c48c8308a3339a2101e26dc418327808ac370bf91fb6603ef666dd -0.032150540539621186 -0.030367076876590016 1
14 620e145abef0b7fc3948370f538a464abbc77025fb86dcf2cd3ef23b08519a4a -0.029927136226691964 -0.029169994843235791 1
15 18bd03509e493866a3863af424f8d69b46a78f338a1c47d89749a2fca6939020 -0.02963494138031475 -0.027202808408170576 1
16 c6a370a3fd82cb35caac5770d763a98a341d78297bfc3c07d9c74ed215b9b620 -0.029566975235211679 -0.013761072452266099 1
17 983207e15135fbfdbac900dec7d7cc3f72d7bfe6a3ba36b5b188fdb8ecf12de1 -0.029139613285950716 -0.027227364963140044 1
18 eb832c5f8f923061439d844842c8a7876f763051b9241b753ac772e69888a63c -0.027285952676524339 -0.026808125069866184 1
19 040d1773bb1501d1f86ca2d9028bed22e4dbfe9728922474bce44a5531b21b5a -0.026696895341804527 -0.036840506795839278 1
20 539b7b793a955583b075fc9fc5777a4c471092863a539f628fece84ebf0880c4 -0.026447762477161518 -0.018625710978470877 1
21 29d2d2ba2eb18eb5ab2c49bd53f46992b37b48715ddad032382024339a0ed6c0 -0.025046259843445551 -0.029769213106095815 1
22 53778d274180d94de3f21dd545732c304f808e584fba613310d33d09a51d427d -0.024827395667034846 -0.024394309931329516 1
23 e88e32620ce6fb291b6b742761a195ada2487c3a63177d4cb5041b1265b848a3 -0.024070027249940118 -0.02530581418085287 1
24 6bc06c9ebf9b722cea0f989fdc71fc87334708b05c6828266ddb11ced211db99 -0.023797269557169765 -0.023533855130101422 1
25 f2f31e619d116aed7be5fcda1e0a22222bbb82cc6791249a4dd8f7fb7ceeefe3 -0.023363563587898817 -0.018206878482349254 1
26 4ce6bfb1bf9aca450b753d6849ee005106931698bb33d26016c766f8a3c6cd05 -0.022440772030011713 -0.021782642945020747 1
27 547887c699e18e58deacddbf6fc41fe56a076cdfbc42dbf128fa464548b0253e -0.019718233340785263 -0.017767901234773786 1
28 5260efec73d65ae2747a06787c59b701521473db0f533363151441c3756e6fd2 -0.019471199036632969 -0.018671927737894833 1
29 bfa75e9edbb6ab94cd64844561c0745f471f23c85dfd068594d38324267ec989 -0.018941122751608308 -0.018451968235511984 1
30 17585b5581ef461ec1956dcfd5c0d021a2e1cd4acd8ebef58f665e2e9b95f2b1 -0.018546922204875527 -0.017688992739483655 1
31 c8d56b244118432388e76545f2d8c01bfa8f43508c1f8ae17157e79bf41289da -0.018115803514737072 -0.013131471566359076 1
32 337ec9b8fa347392e1e7680c23a11964ecce6b8d6a60f119881338597bff4df8 -0.017968548368722859 -0.017143931370599885 1
33 a349d8041680093f4e0e734c78665ba74fb201322af6505319a01c6838b887c3 -0.017424629008639947 -0.017211243062812409 1
34 4ea7a43cd39b6fc7c5ba77d77c7ebf00dd92b539d2c56d977ff9bee8952fdd66 -0.017423915059876949 -0.017563201211374446 1
35 923c1c3fb38d5e8209a2560552ac8abb6166dacce97b433ca1b7f99201f12f48 -0.017201782298383206 -0.02013778730882132 1
36 f0db956c320d40de51858d908aa0fe247112cd2c9c82085581052b79ba123d2c -0.01606630916394014 -0.001457493804686294 1
37 128f4fc145f17a5c3292150a1026e96555931cd0f863e3eed45c36c456983d23 -0.015995435151127779 -0.015594436355876207 1
38 f84dd3828bcf2684305f19cf03ec4cb40c22d74e2b41f5714593f6bd3f483ae9 -0.01487485692018331 -0.0107742952672778 1
39 157102116dddf0ba09f368852ccbf37928a0e99f99e9d7d4859f84655c619419 -0.01483392601131639 -0.014887136188953765 1
40 8dd641baf48f55eb172b86f9b05a182576f0a52226d20cb90648426e4be1ced7 -0.014460623898643443 -0.01543415593883013 1
41 c8416c44c0070c3fb15d442644a2d57645ab8eacb8876b7384d5baca60842315 -0.012507897098612775 -0.010640429979752453 1
42 aacd9d461d97474d739216de7842190ad2c493eec99d4613f395da4a2c442559 -0.0099097623120745215 -0.0100027022897895 1
43 3851a8b648aa151f77e4ada800ff214766541778f2026981a67f714d6816d18a -0.0090014414092803863 -0.009174458193028312 1
44 02ff18ecd3cbf5d461bcd36200261de37bb114a1b24a49eed03d37f500b7c215 -0.0084824946624884046 -0.0077447014878082032 1
45 c99d557b492a18a7a3de36a4531d517c18f9e2dac5eba9a2a992076e0c8093b0 -0.008056966516187869 -0.0077486933358336674 1
46 d6706fe265e77c9974b4e2ee29fd782d6b5f06dab44521e835b1d2c32e7da411 -0.0079685220770615572 -0.0034581455923929916 1
47 53aa97a2f504590ddcf752e24f189501d8300245aff42164ec7a7191a327b3bc -0.0079481176467427472 -0.0053999941479426772 1
48 2b0c30df2cb02052a00194a2064cbb204e581278c89c93f9dff8bf4741e22dc2 -0.0072136299633802081 -0.0067474309512427499 1
49 0a0d73bbac4f2706db89eac74c34669b900537059d81b0bf2094c7f97d0304a3 -0.0072028115031743667 -0.005156090592875251 1
50 a35a0cb5a5e80b130e60fa4e26dfdd940ac110073cf1e447d5f32ea63e0902b2 -0.0067813027448443419 -0.0047821766009139566 1
51 9884edf0a652dbcd3b12d359e9a7b9eee9032e6cd906954e05d636a7a12c59a4 -0.0060805129875232122 -0.0039339520716981102 1
52 679c25ee91f79d2be3c2d27eabe3178ef82d031ac02f532a255f82d5b2e14470 -0.0060318462005236606 -0.0034906174041162696 1
53 3b0bd2035db7cf2547b925a5bb182e565f350a0756310fc40ac23ff85782a6ad -0.0059023214222322373 -0.0043746217847651092 1
54 e039b9c3db8f1e80604503cd9a889b8734bb4401c1182c75a38b1832e598b5aa -0.0057796368097535189 -0.0034963246010838445 1
55 a18c9f80ee68afee3443e316232d2f6de495ee5d68f0f3ff3c3605e2760916ed -0.0051649078394336301 -0.0041685106841979347 1
56 ce47031e36a06fb4b5256a25a448d4bcf007a6037c20645310dce86c4bd08620 -0.0050680983131625168 -0.0047645799755031693 1
57 86f25b05a4edb7fc286f425c98d2846447278adb82c6989aeb115afe8cfdb2e0 -0.0049447119803038841 -0.0042013251810565366 1
58 1fbbcea96463dd341d6d14223fe5adfb7ba4dd3fdfaca0da507cf2a2a52eced5 -0.0048567557435507114 -0.0046664990821797259 1
59 d25f1e6ffaf065bfaada147783bc65850a972bf0e1d238430518d6f2f854fcc2 -0.0046324088575472322 -0.0042976093069915788 1
60 519ea74d71d3bb4c0342bd16f13d8643d86a0d7adcc9401edc6280a5f0b3209c -0.0040797359866189264 -0.0017056525625750441 1
61 0d21004070d0a6614961fe081dffc6b68f22d145e1bac2b93deac3a6cbd14dbf -0.0025841237375218706 -0.0023006515563606666 1
62 dfcfb0f66a9df92dbce2a4f1948cc61f5cb144f7acf0e867f59c81b20574a24e -0.0024581594188575751 -0.002391987355346209 1
63 2fdaaefcdde70b3b3597736046e754abdfc97b9e98f6656ea789929fdf6f0ecb -0.0023816710535270735 -0.0021354789537496865 1
64 e0b103d516baa0b7f6568f867dab262f2f66620405eb887fb0a4bc2b3b83db45 -0.0023816134673295131 -0.0021354149531978839 1
65 e20660c789713938e6f9c85c8aab18f2cf88dd5e6ecb77cb136fab96c9497ff9 -0.0021909414348715295 -0.0015361242657428165 1
66 5c1c11e8fdb3c2c2275eee5df9f9f6294b3040059e1f7361e9a7e1e855ff38cc -0.002161142566164953 -0.0020703582173108304 1
67 7d1896dcc5d2410f21980ed3439eddb034338ed3bc420cbd08732a56ab8a5acb -0.001847635251854135 -0.001192082421040852 1
68 13f4bceb146bbcba79157a59457fb4180968dfbf0e27e986fd3a79153e3c761d -0.0015873302888716467 -0.0013279068661650739 1
69 a8f4097d0168378803725415aada0c52d1bc452c2a07d485204863fef857bf84 -0.0013465186989272682 -0.00083786853534817407 1
70 e89bcbd9bbde57b6c42fa552af0bbed91f62d8fcc42c2861bc6203eec7d7c811 -0.00032398706723486825 -0.00014975866053662523 1
71 58301ee4a0a5e02f220e6d4a288841abc82b921ffdda76a4f40848b79ddebfd9 -0.00021308193912288054 6.7967000703508806e-05 1
72 8e33e885ddd96f3b57ede11f90be05bae3c461df4b9fb1670d222413068d2d44 0.00091554749568520388 0.0013866344404555309 1
73 7a422c31684da3e6854600d1c69901b391b2a7ddcf39fc3caada4e1000f7d33e 0.0010709606936347704 0.00040475424356001266 1
74 4f73524b715eb1770efc2d80fc94314f980ad04bd5d39f4bda32e9373bb5114a 0.0017243941978311028 0.0017366760509804902 1
75 e681b288918d9cc524f0c1d7c1a8a165a6636b4125d31d13e102129be7eb25b0 0.0017870046851059529 -0.0033448704469243307 1
76 e73d2832157ee147f3cbb3f3ebebd285b8fda1cbf0b6e8f4627f21cf488be333 0.0019909546952635582 0.00025362971924675071 1
77 8005c69009fdf9618f28c60c160a00e576cac183c5a275d2382af5d76f812b14 0.0025703413907898764 0.0021087034903241597 1
78 e0dd04c87b06b77340c2ea5884b0d7aa8c08bc173a7ad4a394604075fca77d6e 0.0025703413907898764 0.0020984524810016281 1
79 f4b1830ec59011bb4fe7f2f552e3806d7023f74c8b0fd7e7126a5399b35ceca3 0.00273666807253517 0.0022461406988437405 1
80 68e9a8451b3ea56f9d1e2f1c4ca665dc2432ed849ff554148d57480c48d3774f 0.0028977834062302865 0.0024259479835452569 1
81 f8c690ddce42ddef13013b6f7beb6a0d0cf6b59b925ef995cfb07da443154ebd 0.0033643798175073125 0.0074802368437890121 1
82 aacab69f698e7b9ecb3ad3698004174062167964aebd93c4efcbe624131bff1d 0.0034112534044796194 0.0029817208696898412 1
83 42887548d9adb27f8d8ed46b6b9c73698f1b1907034eac1e0d38c3d3351b8a3f 0.0036854955478862056 0.0036629812923115318 1
84 5d572a80ef970ebda2c1a03568d33233b6101732d05e49d2e74bc63a1c1f2812 0.0041833875521555264 0.03598407941228654 1
85 1cc205f827ac11a35917ee7ed71a78f0de65ae3e1b9a1ce15cc5f8ffc673f145 0.0042561647345521272 0.0042765757209730498 1
86 4a6d53e313003be35a7d3c56a5702b8a2f0ce138861f1ff1de53929c6660d26a 0.0043294611342046749 0.0043880727167419364 2
87 46faae924ea2fb39bd42153545d56bde36cb7d2fb617493a033ea462bb80dfac 0.0044671415301901218 -0.00058111179523490097 1
88 96c783c9bca0ef85595484b3ce3d699b0387661d205d223d6e547c44bdd87c0a 0.0045198456927525305 0.0036383000089503514 1
89 1339e2c7e5bc81127fa6ab1721b679c0a6f525f4446d354f7ed78b8331f01fac 0.0046079398721284616 0.0049445614223606847 1
90 fe1d0e3dd99cc2fa7f2e2fcac9431aed035eea231c658fd07b119549b2c9925f 0.0051122258755681993 0.004380783603184446 1
91 1a2e65e77c47deda845cff04ac39142ee67177958161cb55e0eee9ab9f5a61a5 0.005512824341598499 0.0048935934112395163 1
92 012b9e9f7ae5656aefa02b50a70cdc55461c1dc41c9fed19de9b1e8eb288a0ae 0.0056270561700264426 0.0059315763720448333 1
93 25d68584c24511a5e0c74e934a911155b0d792d0f76ad82dd8241b4aac2f6ae0 0.0071448336969023862 0.0076493003850792718 1
94 556cc6c9d99e6f8ab21856ebd4604002b6ff842e3cf3a9ebdd6c1e725fb31246 0.0071633273311744183 -0.0037026544523246496 1
95 fe47d3bb3c105b7015909980311f733d2136e6caa20a9257201fd62f09832947 0.0096020256080411315 0.044314248588200655 1
96 8f646fba050365ee2bd40785201080ab4d94bb85dfd7caae056eb74513b04579 0.010475324150190507 0.0090449956435919021 1
97 9296c4d9d70d4b782022666728fc1ed6948b105b09cf991b52689a4556553f5f 0.01077953466007131 0.014473359596385599 1
98 2fabbd1041f29f041e6f33a894239db90c289c40d9e93f6e6e5a91771055029c 0.014056523442002034 0.0092056060796881223 1
99 081979fd7492baf5b800ab2ecf9a40368544e0b330c139e248e5342892ed469a 0.014106570211874975 0.013076590053751752 1
100 6ecd393a830744f5c1bbf3964bc813e7b8d940c7a39755f70e86d425b203bd44 0.015981227195935865 0.036053161992416261 1
101 be58b162bd8a9700b69db3a25381397ae6cdfc255448c9843b1455ef0304c168 0.021081420029430253 0.01544356171227923 1
102 398986b61fc4e5e4d9d1098273673bfde3ca29c4c34a234df6b6c3bc60de3fac 0.034033034589211253 0.025944654283082125 1
103 4e61ebc66c256a3be3411259d4f7e555e5e410065ebfac0dfa43079072b7b0d3 0.050401479214598588 0.063712967423137812 1
104 905244f2543b366d276cc748f223b549e8c6712f4b686c6295e2e70e4df2d908 0.059233975508856673 0.0039495251543089083 1
105 336240af3b70f2a7d564efaceb5dd66d45d448242fbce0e46d2e9bcb6c0dd8ea 0.086710570068994852 0.081256826111767655 1
106 205466da7c64551e7ef8d0ebcec9a29c26c1c6c9b66f614d19a34ff916800dc6 0.10184873173390052 0.10879817413296777 1
107 5b244278f3e4846bba65a3a6be51e000292bc1c8260030ea3df81daab0b8542c 0.11511407860714451 0.13502394371678106 1
108 d800bdc1387d38e9d43ce4de7c660bcce7f9dfc81455c7ac955f18408479de3d 0.12162762128929039 0.1514218235099154 2
109 5330ce57f4a8a8c2c2ac01c0f03ebfa187a9b427e0b3ff488641834ea78563f6 0.228545153229744 0.25548621147809136 1
110 181b076ba081017381177d84383cc4f660e01506983ee907420658ef1adbd956 0.35489961587353491 0.3607485788435838 1
111 cf4a8e6ee6f9677f920d283d31ac6cc79f4dc8ed011444457d1fd4be4aa0fb9d 0.35778203114732321 0.35738331712463278 1
112 3a59691f2cef465889098b3e1fe8dfc1073bdb63f046979516e9ca7612614be8 0.36098144915684571 0.35226834891322056 1
113 f571e6b12d8e59cb4772af85d23a3ab1679b8b21df2bf9532f95989fedda1371 1.0323149334056545 1.0365560711575519 1
114 d0e9f326652454eb85d198aecf5ad7c0c22d1cd6f56afa8c33cecacfaf6bf9cd 1.0922181000773676 1.0596157101216477 1
115 94334a0880d4a94503440956c484a2bfa59894baae72b5892bd249f94da01983 1.7178277141468499 1.5579578897934852 1
116 9e525b1d35ed9e69aaedcf8bd3fdf71ef4f7393c6838de0a4837f6c92a652f0d 2.0730160015713963 2.1036231117817792 1
117 569391ab4b0c2412a57e1200e808a8f428979e08eaad630e86b9747cd27e1c16 3.209847404640449 3.1615262677637546 1
118 58d3414c21ba4637af265a4f3068c543e65f5215444e5deb86f582d6bf36ae9a 7.48747060476407 8.2401514362514234 1
119 f871046094dbfeb7bd70bf21bddd523ced39b7be53e1154e0c738126b6cc84ff 10.795738022911976 9.9199762192963163 1
