init at (111, 0), (0, 0), (3, 0), (114, 0), (117, 0), (120, 0), (123, 0), (6, 0), (9, 0), (12, 0), (126, 0), (15, 0), (18, 0), (129, 0), (132, 0), (21, 0), (135, 0), (138, 0), (24, 0), (141, 0), (144, 0), (27, 0), (30, 0), (147, 0), (150, 0), (153, 0), (33, 0), (156, 0), (36, 0), (159, 0), (39, 0), (42, 0), (45, 0), (48, 0), (162, 0), (165, 0), (168, 0), (171, 0), (51, 0), (54, 0), (57, 0), (174, 0), (177, 0), (63, 0), (66, 0), (69, 0), (180, 0), (72, 0), (183, 0), (186, 0), (189, 0), (75, 0), (192, 0), (78, 0), (81, 0), (84, 0), (87, 0), (90, 0), (195, 0), (93, 0), (96, 0), (99, 0), (102, 0), (105, 0), (198, 0), (201, 0), (204, 0), (207, 0), (108, 0), (60, 0);
rz(1.5708) at (0, 0), (3, 0), (6, 0), (9, 0), (12, 0), (15, 0), (18, 0), (21, 0), (24, 0), (27, 0), (30, 0), (33, 0), (36, 0), (39, 0), (42, 0), (45, 0), (48, 0), (51, 0), (54, 0), (57, 0), (60, 0), (63, 0), (66, 0), (69, 0), (72, 0), (75, 0), (78, 0), (81, 0), (84, 0), (87, 0), (90, 0), (93, 0), (96, 0), (99, 0), (102, 0), (105, 0), (108, 0), (111, 0), (114, 0), (117, 0), (120, 0), (123, 0), (126, 0), (129, 0), (132, 0), (135, 0), (138, 0), (141, 0), (144, 0), (147, 0), (150, 0), (153, 0), (156, 0), (159, 0), (162, 0), (165, 0), (168, 0), (171, 0), (174, 0), (177, 0), (180, 0), (183, 0), (186, 0), (189, 0), (192, 0), (195, 0), (198, 0), (201, 0), (204, 0), (207, 0);
rz(1.5708) at (0, 0), (3, 0), (6, 0), (9, 0), (12, 0), (15, 0), (18, 0), (21, 0), (24, 0), (27, 0), (30, 0), (33, 0), (36, 0), (39, 0), (42, 0), (45, 0), (48, 0), (51, 0), (54, 0), (57, 0), (60, 0), (63, 0), (66, 0), (69, 0), (72, 0), (75, 0), (78, 0), (81, 0), (84, 0), (87, 0), (90, 0), (93, 0), (96, 0), (99, 0), (102, 0), (105, 0), (108, 0);
load (30, 0), (27, 0), (24, 0), (21, 0), (18, 0), (15, 0), (12, 0), (9, 0), (6, 0), (3, 0), (0, 0), (33, 0), (36, 0), (39, 0), (42, 0), (45, 0), (48, 0), (51, 0), (54, 0), (57, 0) to (31, 0), (28, 0), (25, 0), (22, 0), (19, 0), (16, 0), (13, 0), (10, 0), (7, 0), (4, 0), (1, 0), (34, 0), (37, 0), (40, 0), (43, 0), (46, 0), (49, 0), (52, 0), (55, 0), (58, 0);
move (34, 0), (25, 0), (19, 0), (16, 0), (58, 0), (31, 0), (13, 0), (52, 0), (28, 0), (10, 0), (7, 0), (37, 0), (22, 0), (4, 0), (43, 0), (1, 0), (40, 0), (46, 0), (49, 0), (55, 0) to (146, 307), (116, 307), (96, 307), (86, 307), (226, 307), (136, 307), (76, 307), (206, 307), (126, 307), (66, 307), (56, 307), (156, 307), (106, 307), (46, 307), (176, 307), (36, 307), (166, 307), (186, 307), (196, 307), (216, 307);
store (146, 307), (116, 307), (96, 307), (86, 307), (226, 307), (136, 307), (76, 307), (206, 307), (126, 307), (66, 307), (56, 307), (156, 307), (106, 307), (46, 307), (176, 307), (36, 307), (166, 307), (186, 307), (196, 307), (216, 307) to (145, 307), (115, 307), (95, 307), (85, 307), (225, 307), (135, 307), (75, 307), (205, 307), (125, 307), (65, 307), (55, 307), (155, 307), (105, 307), (45, 307), (175, 307), (35, 307), (165, 307), (185, 307), (195, 307), (215, 307);
load (60, 0) to (61, 0);
move (61, 0) to (35, 308);
cz;
move (35, 308) to (45, 308);
cz;
move (45, 308) to (55, 308);
cz;
move (55, 308) to (65, 308);
cz;
move (65, 308) to (75, 308);
cz;
move (75, 308) to (85, 308);
cz;
move (85, 308) to (95, 308);
cz;
move (95, 308) to (105, 308);
cz;
move (105, 308) to (115, 308);
cz;
move (115, 308) to (125, 308);
cz;
move (125, 308) to (135, 308);
cz;
move (135, 308) to (145, 308);
cz;
move (145, 308) to (155, 308);
cz;
move (155, 308) to (165, 308);
cz;
move (165, 308) to (175, 308);
cz;
move (175, 308) to (185, 308);
cz;
move (185, 308) to (195, 308);
cz;
move (195, 308) to (205, 308);
cz;
move (205, 308) to (215, 308);
cz;
move (215, 308) to (225, 308);
cz;
move (225, 308) to (1, 0);
store (1, 0) to (0, 0);
load (35, 307), (45, 307), (55, 307), (65, 307), (75, 307), (85, 307), (95, 307), (105, 307), (115, 307), (125, 307), (135, 307), (145, 307), (155, 307), (165, 307), (175, 307), (185, 307), (195, 307), (205, 307), (215, 307), (225, 307) to (36, 307), (46, 307), (56, 307), (66, 307), (76, 307), (86, 307), (96, 307), (106, 307), (116, 307), (126, 307), (136, 307), (146, 307), (156, 307), (166, 307), (176, 307), (186, 307), (196, 307), (206, 307), (216, 307), (226, 307);
move (36, 307), (46, 307), (56, 307), (66, 307), (76, 307), (86, 307), (96, 307), (106, 307), (116, 307), (126, 307), (136, 307), (146, 307), (156, 307), (166, 307), (176, 307), (186, 307), (196, 307), (206, 307), (216, 307), (226, 307) to (4, 0), (7, 0), (10, 0), (13, 0), (16, 0), (19, 0), (22, 0), (25, 0), (28, 0), (31, 0), (34, 0), (37, 0), (40, 0), (43, 0), (46, 0), (49, 0), (52, 0), (55, 0), (58, 0), (61, 0);
store (4, 0), (7, 0), (10, 0), (13, 0), (16, 0), (19, 0), (22, 0), (25, 0), (28, 0), (31, 0), (34, 0), (37, 0), (40, 0), (43, 0), (46, 0), (49, 0), (52, 0), (55, 0), (58, 0), (61, 0) to (3, 0), (6, 0), (9, 0), (12, 0), (15, 0), (18, 0), (21, 0), (24, 0), (27, 0), (30, 0), (33, 0), (36, 0), (39, 0), (42, 0), (45, 0), (48, 0), (51, 0), (54, 0), (57, 0), (60, 0);
load (63, 0), (66, 0), (69, 0), (72, 0), (75, 0), (78, 0), (81, 0), (84, 0), (87, 0), (90, 0), (93, 0), (96, 0), (99, 0), (102, 0), (105, 0), (108, 0) to (64, 0), (67, 0), (70, 0), (73, 0), (76, 0), (79, 0), (82, 0), (85, 0), (88, 0), (91, 0), (94, 0), (97, 0), (100, 0), (103, 0), (106, 0), (109, 0);
move (109, 0), (106, 0), (103, 0), (64, 0), (88, 0), (67, 0), (91, 0), (70, 0), (73, 0), (97, 0), (76, 0), (79, 0), (82, 0), (85, 0), (94, 0), (100, 0) to (186, 307), (176, 307), (166, 307), (36, 307), (116, 307), (46, 307), (126, 307), (56, 307), (66, 307), (146, 307), (76, 307), (86, 307), (96, 307), (106, 307), (136, 307), (156, 307);
store (186, 307), (176, 307), (166, 307), (36, 307), (116, 307), (46, 307), (126, 307), (56, 307), (66, 307), (146, 307), (76, 307), (86, 307), (96, 307), (106, 307), (136, 307), (156, 307) to (185, 307), (175, 307), (165, 307), (35, 307), (115, 307), (45, 307), (125, 307), (55, 307), (65, 307), (145, 307), (75, 307), (85, 307), (95, 307), (105, 307), (135, 307), (155, 307);
load (0, 0) to (1, 0);
move (1, 0) to (35, 308);
cz;
move (35, 308) to (45, 308);
cz;
move (45, 308) to (55, 308);
cz;
move (55, 308) to (65, 308);
cz;
move (65, 308) to (75, 308);
cz;
move (75, 308) to (85, 308);
cz;
move (85, 308) to (95, 308);
cz;
move (95, 308) to (105, 308);
cz;
move (105, 308) to (115, 308);
cz;
move (115, 308) to (125, 308);
cz;
move (125, 308) to (135, 308);
cz;
move (135, 308) to (145, 308);
cz;
move (145, 308) to (155, 308);
cz;
move (155, 308) to (165, 308);
cz;
move (165, 308) to (175, 308);
cz;
move (175, 308) to (185, 308);
cz;
move (185, 308) to (1, 0);
store (1, 0) to (0, 0);
load (35, 307), (45, 307), (55, 307), (65, 307), (75, 307), (85, 307), (95, 307), (105, 307), (115, 307), (125, 307), (135, 307), (145, 307), (155, 307), (165, 307), (175, 307), (185, 307) to (36, 307), (46, 307), (56, 307), (66, 307), (76, 307), (86, 307), (96, 307), (106, 307), (116, 307), (126, 307), (136, 307), (146, 307), (156, 307), (166, 307), (176, 307), (186, 307);
move (36, 307), (46, 307), (56, 307), (66, 307), (76, 307), (86, 307), (96, 307), (106, 307), (116, 307), (126, 307), (136, 307), (146, 307), (156, 307), (166, 307), (176, 307), (186, 307) to (64, 0), (67, 0), (70, 0), (73, 0), (76, 0), (79, 0), (82, 0), (85, 0), (88, 0), (91, 0), (94, 0), (97, 0), (100, 0), (103, 0), (106, 0), (109, 0);
store (64, 0), (67, 0), (70, 0), (73, 0), (76, 0), (79, 0), (82, 0), (85, 0), (88, 0), (91, 0), (94, 0), (97, 0), (100, 0), (103, 0), (106, 0), (109, 0) to (63, 0), (66, 0), (69, 0), (72, 0), (75, 0), (78, 0), (81, 0), (84, 0), (87, 0), (90, 0), (93, 0), (96, 0), (99, 0), (102, 0), (105, 0), (108, 0);
