init at (222, 0), (225, 0), (285, 0), (252, 0), (120, 0), (138, 0), (21, 0), (81, 0), (228, 0), (261, 0), (270, 0), (237, 0), (45, 0), (105, 0), (15, 0), (75, 0), (111, 0), (51, 0), (6, 0), (66, 0), (171, 0), (159, 0), (102, 0), (42, 0), (90, 0), (30, 0), (243, 0), (276, 0), (210, 0), (192, 0), (246, 0), (279, 0), (60, 0), (0, 0), (147, 0), (129, 0), (216, 0), (219, 0), (168, 0), (156, 0), (36, 0), (96, 0), (123, 0), (141, 0), (54, 0), (114, 0), (12, 0), (72, 0), (258, 0), (291, 0), (282, 0), (249, 0), (273, 0), (240, 0), (48, 0), (108, 0), (132, 0), (150, 0), (201, 0), (183, 0), (288, 0), (255, 0), (117, 0), (57, 0), (84, 0), (24, 0), (135, 0), (153, 0), (198, 0), (180, 0), (234, 0), (267, 0), (78, 0), (18, 0), (39, 0), (99, 0), (69, 0), (9, 0), (204, 0), (186, 0), (126, 0), (144, 0), (93, 0), (33, 0), (27, 0), (87, 0), (264, 0), (231, 0), (195, 0), (213, 0), (174, 0), (162, 0), (3, 0), (63, 0), (165, 0), (177, 0), (207, 0), (189, 0);
rz(1.5708) at (0, 0), (3, 0), (6, 0), (9, 0), (12, 0), (15, 0), (18, 0), (21, 0), (24, 0), (27, 0), (30, 0), (33, 0), (36, 0), (39, 0), (42, 0), (45, 0), (48, 0), (51, 0), (54, 0), (57, 0), (60, 0), (63, 0), (66, 0), (69, 0), (72, 0), (75, 0), (78, 0), (81, 0), (84, 0), (87, 0), (90, 0), (93, 0), (96, 0), (99, 0), (102, 0), (105, 0), (108, 0), (111, 0), (114, 0), (117, 0), (120, 0), (123, 0), (126, 0), (129, 0), (132, 0), (135, 0), (138, 0), (141, 0), (144, 0), (147, 0), (150, 0), (153, 0), (156, 0), (159, 0), (162, 0), (165, 0), (168, 0), (171, 0), (174, 0), (177, 0), (180, 0), (183, 0), (186, 0), (189, 0), (192, 0), (195, 0), (198, 0), (201, 0), (204, 0), (207, 0), (210, 0), (213, 0), (216, 0), (219, 0), (222, 0), (225, 0), (228, 0), (231, 0), (234, 0), (237, 0), (240, 0), (243, 0), (246, 0), (249, 0), (252, 0), (255, 0), (258, 0), (261, 0), (264, 0), (267, 0), (270, 0), (273, 0), (276, 0), (279, 0), (282, 0), (285, 0), (288, 0), (291, 0);
load (30, 0), (27, 0), (24, 0), (21, 0), (18, 0), (15, 0), (12, 0), (9, 0), (6, 0), (3, 0), (0, 0), (33, 0), (36, 0), (39, 0), (42, 0), (45, 0), (48, 0), (51, 0), (54, 0), (57, 0) to (31, 0), (28, 0), (25, 0), (22, 0), (19, 0), (16, 0), (13, 0), (10, 0), (7, 0), (4, 0), (1, 0), (34, 0), (37, 0), (40, 0), (43, 0), (46, 0), (49, 0), (52, 0), (55, 0), (58, 0);
move (25, 0), (22, 0), (55, 0), (28, 0), (31, 0), (34, 0), (49, 0), (10, 0), (7, 0), (37, 0), (19, 0), (16, 0), (58, 0), (13, 0), (52, 0), (4, 0), (1, 0), (40, 0), (43, 0), (46, 0) to (116, 307), (106, 307), (216, 307), (126, 307), (136, 307), (146, 307), (196, 307), (66, 307), (56, 307), (156, 307), (96, 307), (86, 307), (226, 307), (76, 307), (206, 307), (46, 307), (36, 307), (166, 307), (176, 307), (186, 307);
store (116, 307), (106, 307), (216, 307), (126, 307), (136, 307), (146, 307), (196, 307), (66, 307), (56, 307), (156, 307), (96, 307), (86, 307), (226, 307), (76, 307), (206, 307), (46, 307), (36, 307), (166, 307), (176, 307), (186, 307) to (115, 307), (105, 307), (215, 307), (125, 307), (135, 307), (145, 307), (195, 307), (65, 307), (55, 307), (155, 307), (95, 307), (85, 307), (225, 307), (75, 307), (205, 307), (45, 307), (35, 307), (165, 307), (175, 307), (185, 307);
load (90, 0), (87, 0), (84, 0), (81, 0), (78, 0), (75, 0), (72, 0), (69, 0), (66, 0), (63, 0), (60, 0), (93, 0), (96, 0), (99, 0), (102, 0), (105, 0), (108, 0), (111, 0), (114, 0), (117, 0) to (91, 0), (88, 0), (85, 0), (82, 0), (79, 0), (76, 0), (73, 0), (70, 0), (67, 0), (64, 0), (61, 0), (94, 0), (97, 0), (100, 0), (103, 0), (106, 0), (109, 0), (112, 0), (115, 0), (118, 0);
move (61, 0), (64, 0), (67, 0), (70, 0), (73, 0), (76, 0), (79, 0), (82, 0), (85, 0), (88, 0), (91, 0), (94, 0), (97, 0), (100, 0), (103, 0), (106, 0), (109, 0), (112, 0), (115, 0), (118, 0) to (35, 308), (45, 308), (55, 308), (65, 308), (75, 308), (85, 308), (95, 308), (105, 308), (115, 308), (125, 308), (135, 308), (145, 308), (155, 308), (165, 308), (175, 308), (185, 308), (195, 308), (205, 308), (215, 308), (225, 308);
cz;
move (35, 308), (45, 308), (55, 308), (65, 308), (75, 308), (85, 308), (95, 308), (105, 308), (115, 308), (125, 308), (135, 308), (145, 308), (155, 308), (165, 308), (175, 308), (185, 308), (195, 308), (205, 308), (215, 308), (225, 308) to (1, 0), (4, 0), (7, 0), (10, 0), (13, 0), (16, 0), (19, 0), (22, 0), (25, 0), (28, 0), (31, 0), (34, 0), (37, 0), (40, 0), (43, 0), (46, 0), (49, 0), (52, 0), (55, 0), (58, 0);
store (1, 0), (4, 0), (7, 0), (10, 0), (13, 0), (16, 0), (19, 0), (22, 0), (25, 0), (28, 0), (31, 0), (34, 0), (37, 0), (40, 0), (43, 0), (46, 0), (49, 0), (52, 0), (55, 0), (58, 0) to (0, 0), (3, 0), (6, 0), (9, 0), (12, 0), (15, 0), (18, 0), (21, 0), (24, 0), (27, 0), (30, 0), (33, 0), (36, 0), (39, 0), (42, 0), (45, 0), (48, 0), (51, 0), (54, 0), (57, 0);
load (35, 307), (45, 307), (55, 307), (65, 307), (75, 307), (85, 307), (95, 307), (105, 307), (115, 307), (125, 307), (135, 307), (145, 307), (155, 307), (165, 307), (175, 307), (185, 307), (195, 307), (205, 307), (215, 307), (225, 307) to (36, 307), (46, 307), (56, 307), (66, 307), (76, 307), (86, 307), (96, 307), (106, 307), (116, 307), (126, 307), (136, 307), (146, 307), (156, 307), (166, 307), (176, 307), (186, 307), (196, 307), (206, 307), (216, 307), (226, 307);
move (36, 307), (46, 307), (56, 307), (66, 307), (76, 307), (86, 307), (96, 307), (106, 307), (116, 307), (126, 307), (136, 307), (146, 307), (156, 307), (166, 307), (176, 307), (186, 307), (196, 307), (206, 307), (216, 307), (226, 307) to (61, 0), (64, 0), (67, 0), (70, 0), (73, 0), (76, 0), (79, 0), (82, 0), (85, 0), (88, 0), (91, 0), (94, 0), (97, 0), (100, 0), (103, 0), (106, 0), (109, 0), (112, 0), (115, 0), (118, 0);
store (61, 0), (64, 0), (67, 0), (70, 0), (73, 0), (76, 0), (79, 0), (82, 0), (85, 0), (88, 0), (91, 0), (94, 0), (97, 0), (100, 0), (103, 0), (106, 0), (109, 0), (112, 0), (115, 0), (118, 0) to (60, 0), (63, 0), (66, 0), (69, 0), (72, 0), (75, 0), (78, 0), (81, 0), (84, 0), (87, 0), (90, 0), (93, 0), (96, 0), (99, 0), (102, 0), (105, 0), (108, 0), (111, 0), (114, 0), (117, 0);
rz(1.5708) at (0, 0), (3, 0), (6, 0), (9, 0), (12, 0), (15, 0), (18, 0), (21, 0), (24, 0), (27, 0), (30, 0), (33, 0), (36, 0), (39, 0), (42, 0), (45, 0), (48, 0), (51, 0), (54, 0), (57, 0), (60, 0), (63, 0), (66, 0), (69, 0), (72, 0), (75, 0), (78, 0), (81, 0), (84, 0), (87, 0), (90, 0), (93, 0), (96, 0), (99, 0), (102, 0), (105, 0), (108, 0), (111, 0), (114, 0), (117, 0);
load (117, 0), (45, 0), (18, 0), (9, 0), (120, 0), (123, 0), (126, 0) to (118, 0), (46, 0), (19, 0), (10, 0), (121, 0), (124, 0), (127, 0);
move (10, 0), (19, 0), (46, 0), (118, 0), (121, 0), (124, 0), (127, 0) to (88, 0), (91, 0), (94, 0), (139, 0), (142, 0), (145, 0), (148, 0);
load (84, 0), (81, 0), (63, 0), (60, 0), (48, 0), (39, 0), (30, 0), (129, 0), (132, 0), (135, 0) to (85, 0), (82, 0), (64, 0), (61, 0), (49, 0), (40, 0), (31, 0), (130, 0), (133, 0), (136, 0);
move (40, 0), (31, 0), (49, 0), (61, 0), (64, 0), (82, 0), (85, 0), (88, 0), (91, 0), (94, 0), (130, 0), (133, 0), (136, 0), (139, 0), (142, 0), (145, 0), (148, 0) to (70, 0), (49, 0), (76, 0), (79, 0), (82, 0), (85, 0), (88, 0), (91, 0), (94, 0), (97, 0), (100, 0), (103, 0), (106, 0), (109, 0), (112, 0), (115, 0), (118, 0);
load (72, 0), (51, 0) to (73, 0), (52, 0);
move (49, 0), (52, 0), (70, 0), (73, 0), (76, 0), (79, 0), (82, 0), (85, 0), (88, 0), (91, 0), (94, 0), (97, 0), (100, 0), (103, 0), (106, 0), (109, 0), (112, 0), (115, 0), (118, 0) to (97, 0), (100, 0), (103, 0), (106, 0), (109, 0), (112, 0), (115, 0), (118, 0), (121, 0), (124, 0), (127, 0), (130, 0), (133, 0), (136, 0), (139, 0), (142, 0), (145, 0), (148, 0), (151, 0);
load (93, 0) to (94, 0);
move (148, 0), (121, 0), (118, 0), (133, 0), (130, 0), (127, 0), (115, 0), (112, 0), (142, 0), (145, 0), (106, 0), (109, 0), (103, 0), (100, 0), (124, 0), (97, 0), (94, 0), (136, 0), (139, 0), (151, 0) to (216, 307), (126, 307), (116, 307), (166, 307), (156, 307), (146, 307), (106, 307), (96, 307), (196, 307), (206, 307), (76, 307), (86, 307), (66, 307), (56, 307), (136, 307), (46, 307), (36, 307), (176, 307), (186, 307), (226, 307);
store (216, 307), (126, 307), (116, 307), (166, 307), (156, 307), (146, 307), (106, 307), (96, 307), (196, 307), (206, 307), (76, 307), (86, 307), (66, 307), (56, 307), (136, 307), (46, 307), (36, 307), (176, 307), (186, 307), (226, 307) to (215, 307), (125, 307), (115, 307), (165, 307), (155, 307), (145, 307), (105, 307), (95, 307), (195, 307), (205, 307), (75, 307), (85, 307), (65, 307), (55, 307), (135, 307), (45, 307), (35, 307), (175, 307), (185, 307), (225, 307);
load (57, 0), (24, 0), (21, 0), (3, 0), (0, 0), (138, 0), (141, 0), (144, 0) to (58, 0), (25, 0), (22, 0), (4, 0), (1, 0), (139, 0), (142, 0), (145, 0);
move (25, 0), (22, 0), (4, 0), (1, 0), (58, 0), (139, 0), (142, 0), (145, 0) to (67, 0), (64, 0), (61, 0), (58, 0), (157, 0), (160, 0), (163, 0), (166, 0);
load (105, 0), (78, 0), (69, 0), (12, 0), (147, 0), (150, 0), (153, 0) to (106, 0), (79, 0), (70, 0), (13, 0), (148, 0), (151, 0), (154, 0);
move (13, 0), (58, 0), (61, 0), (64, 0), (67, 0), (70, 0), (79, 0), (106, 0), (148, 0), (151, 0), (154, 0), (157, 0), (160, 0), (163, 0), (166, 0) to (106, 0), (112, 0), (115, 0), (118, 0), (121, 0), (124, 0), (127, 0), (130, 0), (133, 0), (136, 0), (139, 0), (142, 0), (145, 0), (148, 0), (151, 0);
load (108, 0), (99, 0), (90, 0), (33, 0) to (109, 0), (100, 0), (91, 0), (34, 0);
move (91, 0), (34, 0), (100, 0), (106, 0), (109, 0), (112, 0), (115, 0), (118, 0), (121, 0), (124, 0), (127, 0), (130, 0), (133, 0), (136, 0), (139, 0), (142, 0), (145, 0), (148, 0), (151, 0) to (109, 0), (106, 0), (115, 0), (118, 0), (121, 0), (124, 0), (127, 0), (130, 0), (133, 0), (136, 0), (139, 0), (142, 0), (145, 0), (148, 0), (151, 0), (154, 0), (157, 0), (160, 0), (163, 0);
load (111, 0) to (112, 0);
move (106, 0), (109, 0), (112, 0), (115, 0), (118, 0), (121, 0), (124, 0), (127, 0), (130, 0), (133, 0), (136, 0), (139, 0), (142, 0), (145, 0), (148, 0), (151, 0), (154, 0), (157, 0), (160, 0), (163, 0) to (35, 308), (45, 308), (55, 308), (65, 308), (75, 308), (85, 308), (95, 308), (105, 308), (115, 308), (125, 308), (135, 308), (145, 308), (155, 308), (165, 308), (175, 308), (185, 308), (195, 308), (205, 308), (215, 308), (225, 308);
cz;
move (35, 308), (45, 308), (55, 308), (65, 308), (75, 308), (85, 308), (95, 308), (105, 308), (115, 308), (125, 308), (135, 308), (145, 308), (155, 308), (165, 308), (175, 308), (185, 308), (195, 308), (205, 308), (215, 308), (225, 308) to (1, 0), (4, 0), (10, 0), (13, 0), (19, 0), (22, 0), (25, 0), (31, 0), (34, 0), (40, 0), (46, 0), (49, 0), (52, 0), (58, 0), (61, 0), (64, 0), (70, 0), (73, 0), (79, 0), (82, 0);
store (1, 0), (4, 0), (10, 0), (13, 0), (19, 0), (22, 0), (25, 0), (31, 0), (34, 0), (40, 0), (46, 0), (49, 0), (52, 0), (58, 0), (61, 0), (64, 0), (70, 0), (73, 0), (79, 0), (82, 0) to (0, 0), (3, 0), (9, 0), (12, 0), (18, 0), (21, 0), (24, 0), (30, 0), (33, 0), (39, 0), (45, 0), (48, 0), (51, 0), (57, 0), (60, 0), (63, 0), (69, 0), (72, 0), (78, 0), (81, 0);
load (35, 307), (45, 307), (55, 307), (65, 307), (75, 307), (85, 307), (95, 307), (105, 307), (115, 307), (125, 307), (135, 307), (145, 307), (155, 307), (165, 307), (175, 307), (185, 307), (195, 307), (205, 307), (215, 307), (225, 307) to (36, 307), (46, 307), (56, 307), (66, 307), (76, 307), (86, 307), (96, 307), (106, 307), (116, 307), (126, 307), (136, 307), (146, 307), (156, 307), (166, 307), (176, 307), (186, 307), (196, 307), (206, 307), (216, 307), (226, 307);
move (36, 307), (46, 307), (56, 307), (66, 307), (76, 307), (86, 307), (96, 307), (106, 307), (116, 307), (126, 307), (136, 307), (146, 307), (156, 307), (166, 307), (176, 307), (186, 307), (196, 307), (206, 307), (216, 307), (226, 307) to (85, 0), (91, 0), (94, 0), (100, 0), (106, 0), (109, 0), (112, 0), (118, 0), (121, 0), (124, 0), (127, 0), (130, 0), (133, 0), (136, 0), (139, 0), (142, 0), (145, 0), (148, 0), (151, 0), (154, 0);
store (85, 0), (91, 0), (94, 0), (100, 0), (106, 0), (109, 0), (112, 0), (118, 0), (121, 0), (124, 0), (127, 0), (130, 0), (133, 0), (136, 0), (139, 0), (142, 0), (145, 0), (148, 0), (151, 0), (154, 0) to (84, 0), (90, 0), (93, 0), (99, 0), (105, 0), (108, 0), (111, 0), (117, 0), (120, 0), (123, 0), (126, 0), (129, 0), (132, 0), (135, 0), (138, 0), (141, 0), (144, 0), (147, 0), (150, 0), (153, 0);
rz(1.5708) at (3, 0), (9, 0), (18, 0), (30, 0), (33, 0), (45, 0), (48, 0), (57, 0), (60, 0), (63, 0), (72, 0), (78, 0), (81, 0), (84, 0), (99, 0), (108, 0), (111, 0), (123, 0), (132, 0), (135, 0), (138, 0), (141, 0), (144, 0), (147, 0), (150, 0), (153, 0);
load (114, 0), (48, 0), (42, 0), (36, 0), (156, 0) to (115, 0), (49, 0), (43, 0), (37, 0), (157, 0);
move (43, 0), (37, 0), (49, 0), (115, 0), (157, 0) to (79, 0), (76, 0), (136, 0), (139, 0), (142, 0);
load (132, 0), (81, 0) to (133, 0), (82, 0);
move (76, 0), (79, 0), (82, 0), (133, 0), (136, 0), (139, 0), (142, 0) to (82, 0), (88, 0), (91, 0), (163, 0), (166, 0), (169, 0), (172, 0);
load (84, 0), (159, 0) to (85, 0), (160, 0);
move (82, 0), (85, 0), (88, 0), (91, 0), (160, 0), (163, 0), (166, 0), (169, 0), (172, 0) to (106, 0), (127, 0), (130, 0), (133, 0), (136, 0), (139, 0), (142, 0), (145, 0), (148, 0);
load (123, 0), (108, 0) to (124, 0), (109, 0);
move (109, 0), (106, 0), (124, 0), (127, 0), (130, 0), (133, 0), (136, 0), (139, 0), (142, 0), (145, 0), (148, 0) to (148, 0), (109, 0), (154, 0), (157, 0), (160, 0), (163, 0), (166, 0), (169, 0), (172, 0), (175, 0), (178, 0);
load (150, 0), (144, 0), (135, 0), (111, 0) to (151, 0), (145, 0), (136, 0), (112, 0);
move (136, 0), (112, 0), (109, 0), (145, 0), (148, 0), (151, 0), (154, 0), (157, 0), (160, 0), (163, 0), (166, 0), (169, 0), (172, 0), (175, 0), (178, 0) to (145, 0), (142, 0), (139, 0), (151, 0), (154, 0), (157, 0), (160, 0), (163, 0), (166, 0), (169, 0), (172, 0), (175, 0), (178, 0), (181, 0), (184, 0);
load (147, 0) to (148, 0);
move (139, 0), (142, 0), (145, 0), (148, 0), (151, 0), (154, 0), (157, 0), (160, 0), (163, 0), (166, 0), (169, 0), (172, 0), (175, 0), (178, 0), (181, 0), (184, 0) to (163, 0), (169, 0), (172, 0), (175, 0), (178, 0), (181, 0), (184, 0), (187, 0), (190, 0), (193, 0), (196, 0), (199, 0), (202, 0), (205, 0), (208, 0), (211, 0);
load (165, 0) to (166, 0);
move (163, 0), (166, 0), (169, 0), (172, 0), (175, 0), (178, 0), (181, 0), (184, 0), (187, 0), (190, 0), (193, 0), (196, 0), (199, 0), (202, 0), (205, 0), (208, 0), (211, 0) to (166, 0), (169, 0), (172, 0), (175, 0), (178, 0), (181, 0), (184, 0), (187, 0), (190, 0), (193, 0), (196, 0), (199, 0), (202, 0), (205, 0), (208, 0), (211, 0), (214, 0);
load (162, 0) to (163, 0);
move (193, 0), (181, 0), (178, 0), (172, 0), (163, 0), (196, 0), (199, 0), (187, 0), (205, 0), (184, 0), (175, 0), (169, 0), (190, 0), (166, 0), (202, 0), (208, 0), (211, 0), (214, 0) to (156, 307), (116, 307), (106, 307), (66, 307), (36, 307), (166, 307), (176, 307), (136, 307), (196, 307), (126, 307), (76, 307), (56, 307), (146, 307), (46, 307), (186, 307), (206, 307), (216, 307), (226, 307);
store (156, 307), (116, 307), (106, 307), (66, 307), (36, 307), (166, 307), (176, 307), (136, 307), (196, 307), (126, 307), (76, 307), (56, 307), (146, 307), (46, 307), (186, 307), (206, 307), (216, 307), (226, 307) to (155, 307), (115, 307), (105, 307), (65, 307), (35, 307), (165, 307), (175, 307), (135, 307), (195, 307), (125, 307), (75, 307), (55, 307), (145, 307), (45, 307), (185, 307), (205, 307), (215, 307), (225, 307);
load (54, 0), (12, 0), (168, 0) to (55, 0), (13, 0), (169, 0);
move (13, 0), (55, 0), (169, 0) to (79, 0), (82, 0), (85, 0);
load (75, 0), (39, 0) to (76, 0), (40, 0);
move (40, 0), (76, 0), (79, 0), (82, 0), (85, 0) to (76, 0), (175, 0), (178, 0), (181, 0), (184, 0);
load (153, 0), (102, 0), (87, 0), (78, 0), (72, 0), (57, 0), (171, 0) to (154, 0), (103, 0), (88, 0), (79, 0), (73, 0), (58, 0), (172, 0);
move (79, 0), (76, 0), (73, 0), (58, 0), (88, 0), (103, 0), (154, 0), (172, 0), (175, 0), (178, 0), (181, 0), (184, 0) to (139, 0), (136, 0), (133, 0), (130, 0), (145, 0), (148, 0), (151, 0), (154, 0), (157, 0), (160, 0), (163, 0), (166, 0);
load (141, 0), (96, 0) to (142, 0), (97, 0);
move (136, 0), (133, 0), (130, 0), (97, 0), (139, 0), (142, 0), (145, 0), (148, 0), (151, 0), (154, 0), (157, 0), (160, 0), (163, 0), (166, 0) to (136, 0), (133, 0), (130, 0), (127, 0), (142, 0), (145, 0), (148, 0), (151, 0), (154, 0), (157, 0), (160, 0), (163, 0), (166, 0), (169, 0);
load (138, 0) to (139, 0);
move (127, 0), (130, 0), (133, 0), (136, 0), (139, 0), (142, 0), (145, 0), (148, 0), (151, 0), (154, 0), (157, 0), (160, 0), (163, 0), (166, 0), (169, 0) to (175, 0), (181, 0), (184, 0), (187, 0), (190, 0), (193, 0), (196, 0), (199, 0), (202, 0), (205, 0), (208, 0), (211, 0), (214, 0), (217, 0), (220, 0);
load (177, 0) to (178, 0);
move (175, 0), (178, 0), (181, 0), (184, 0), (187, 0), (190, 0), (193, 0), (196, 0), (199, 0), (202, 0), (205, 0), (208, 0), (211, 0), (214, 0), (217, 0), (220, 0) to (178, 0), (181, 0), (184, 0), (187, 0), (190, 0), (193, 0), (196, 0), (199, 0), (202, 0), (205, 0), (208, 0), (211, 0), (214, 0), (217, 0), (220, 0), (223, 0);
load (174, 0) to (175, 0);
move (175, 0), (178, 0), (181, 0), (184, 0), (187, 0), (190, 0), (193, 0), (196, 0), (199, 0), (202, 0), (205, 0), (208, 0), (211, 0), (214, 0), (217, 0), (220, 0), (223, 0) to (35, 308), (45, 308), (55, 308), (65, 308), (105, 308), (115, 308), (125, 308), (135, 308), (145, 308), (155, 308), (165, 308), (175, 308), (185, 308), (195, 308), (205, 308), (215, 308), (225, 308);
cz;
move (35, 308), (45, 308), (55, 308), (65, 308), (105, 308), (115, 308), (125, 308), (135, 308), (145, 308), (155, 308), (165, 308), (175, 308), (185, 308), (195, 308), (205, 308), (215, 308), (225, 308) to (19, 308), (24, 308), (29, 308), (75, 308), (85, 308), (95, 308), (326, 308), (331, 308), (336, 308), (341, 308), (346, 308), (351, 308), (356, 308), (361, 308), (366, 308), (371, 308), (376, 308);
cz;
move (19, 308), (24, 308), (29, 308), (75, 308), (85, 308), (95, 308), (326, 308), (331, 308), (336, 308), (341, 308), (346, 308), (351, 308), (356, 308), (361, 308), (366, 308), (371, 308), (376, 308) to (13, 0), (37, 0), (40, 0), (43, 0), (49, 0), (55, 0), (58, 0), (73, 0), (76, 0), (79, 0), (82, 0), (85, 0), (88, 0), (97, 0), (103, 0), (109, 0), (112, 0);
store (13, 0), (37, 0), (40, 0), (43, 0), (49, 0), (55, 0), (58, 0), (73, 0), (76, 0), (79, 0), (82, 0), (85, 0), (88, 0), (97, 0), (103, 0), (109, 0), (112, 0) to (12, 0), (36, 0), (39, 0), (42, 0), (48, 0), (54, 0), (57, 0), (72, 0), (75, 0), (78, 0), (81, 0), (84, 0), (87, 0), (96, 0), (102, 0), (108, 0), (111, 0);
load (35, 307), (45, 307), (55, 307), (65, 307), (75, 307), (105, 307), (115, 307), (125, 307), (135, 307), (145, 307), (155, 307), (165, 307), (175, 307), (185, 307), (195, 307), (205, 307), (215, 307), (225, 307) to (36, 307), (46, 307), (56, 307), (66, 307), (76, 307), (106, 307), (116, 307), (126, 307), (136, 307), (146, 307), (156, 307), (166, 307), (176, 307), (186, 307), (196, 307), (206, 307), (216, 307), (226, 307);
move (36, 307), (46, 307), (56, 307), (66, 307), (76, 307), (106, 307), (116, 307), (126, 307), (136, 307), (146, 307), (156, 307), (166, 307), (176, 307), (186, 307), (196, 307), (206, 307), (216, 307), (226, 307) to (115, 0), (124, 0), (133, 0), (136, 0), (139, 0), (142, 0), (145, 0), (148, 0), (151, 0), (154, 0), (157, 0), (160, 0), (163, 0), (166, 0), (169, 0), (172, 0), (175, 0), (178, 0);
store (115, 0), (124, 0), (133, 0), (136, 0), (139, 0), (142, 0), (145, 0), (148, 0), (151, 0), (154, 0), (157, 0), (160, 0), (163, 0), (166, 0), (169, 0), (172, 0), (175, 0), (178, 0) to (114, 0), (123, 0), (132, 0), (135, 0), (138, 0), (141, 0), (144, 0), (147, 0), (150, 0), (153, 0), (156, 0), (159, 0), (162, 0), (165, 0), (168, 0), (171, 0), (174, 0), (177, 0);
rz(1.5708) at (12, 0), (39, 0), (42, 0), (48, 0), (54, 0), (72, 0), (81, 0), (87, 0), (102, 0), (108, 0), (111, 0), (114, 0), (123, 0), (132, 0), (138, 0), (162, 0), (165, 0), (177, 0);
rz(1.5708) at (42, 0), (54, 0), (102, 0);
load (48, 0), (15, 0), (0, 0), (180, 0), (183, 0) to (49, 0), (16, 0), (1, 0), (181, 0), (184, 0);
move (16, 0), (1, 0), (49, 0), (181, 0), (184, 0) to (100, 0), (97, 0), (118, 0), (121, 0), (124, 0);
load (114, 0), (108, 0), (102, 0), (90, 0), (72, 0), (9, 0) to (115, 0), (109, 0), (103, 0), (91, 0), (73, 0), (10, 0);
move (109, 0), (103, 0), (100, 0), (97, 0), (91, 0), (73, 0), (10, 0), (115, 0), (118, 0), (121, 0), (124, 0) to (133, 0), (130, 0), (127, 0), (124, 0), (121, 0), (118, 0), (115, 0), (139, 0), (142, 0), (145, 0), (148, 0);
load (135, 0) to (136, 0);
move (133, 0), (130, 0), (127, 0), (124, 0), (121, 0), (118, 0), (115, 0), (136, 0), (139, 0), (142, 0), (145, 0), (148, 0) to (142, 0), (139, 0), (136, 0), (133, 0), (130, 0), (127, 0), (124, 0), (190, 0), (193, 0), (196, 0), (199, 0), (202, 0);
load (144, 0), (186, 0) to (145, 0), (187, 0);
move (142, 0), (139, 0), (136, 0), (133, 0), (130, 0), (127, 0), (124, 0), (145, 0), (187, 0), (190, 0), (193, 0), (196, 0), (199, 0), (202, 0) to (163, 0), (160, 0), (157, 0), (154, 0), (151, 0), (148, 0), (124, 0), (169, 0), (172, 0), (175, 0), (178, 0), (181, 0), (184, 0), (187, 0);
load (165, 0), (126, 0) to (166, 0), (127, 0);
move (163, 0), (160, 0), (157, 0), (154, 0), (151, 0), (148, 0), (127, 0), (124, 0), (166, 0), (169, 0), (172, 0), (175, 0), (178, 0), (181, 0), (184, 0), (187, 0) to (175, 0), (172, 0), (169, 0), (166, 0), (163, 0), (160, 0), (157, 0), (154, 0), (193, 0), (196, 0), (199, 0), (202, 0), (205, 0), (208, 0), (211, 0), (214, 0);
load (177, 0), (189, 0) to (178, 0), (190, 0);
move (154, 0), (157, 0), (160, 0), (163, 0), (166, 0), (169, 0), (172, 0), (175, 0), (178, 0), (190, 0), (193, 0), (196, 0), (199, 0), (202, 0), (205, 0), (208, 0), (211, 0), (214, 0) to (199, 0), (202, 0), (205, 0), (208, 0), (211, 0), (214, 0), (217, 0), (220, 0), (223, 0), (226, 0), (229, 0), (232, 0), (235, 0), (238, 0), (241, 0), (244, 0), (247, 0), (250, 0);
load (192, 0), (195, 0) to (193, 0), (196, 0);
move (229, 0), (235, 0), (223, 0), (226, 0), (220, 0), (217, 0), (214, 0), (208, 0), (211, 0), (205, 0), (202, 0), (199, 0), (250, 0), (196, 0), (193, 0), (232, 0), (244, 0), (238, 0), (241, 0), (247, 0) to (156, 307), (176, 307), (136, 307), (146, 307), (126, 307), (116, 307), (106, 307), (86, 307), (96, 307), (76, 307), (66, 307), (56, 307), (226, 307), (46, 307), (36, 307), (166, 307), (206, 307), (186, 307), (196, 307), (216, 307);
store (156, 307), (176, 307), (136, 307), (146, 307), (126, 307), (116, 307), (106, 307), (86, 307), (96, 307), (76, 307), (66, 307), (56, 307), (226, 307), (46, 307), (36, 307), (166, 307), (206, 307), (186, 307), (196, 307), (216, 307) to (155, 307), (175, 307), (135, 307), (145, 307), (125, 307), (115, 307), (105, 307), (85, 307), (95, 307), (75, 307), (65, 307), (55, 307), (225, 307), (45, 307), (35, 307), (165, 307), (205, 307), (185, 307), (195, 307), (215, 307);
load (120, 0), (12, 0), (198, 0), (201, 0) to (121, 0), (13, 0), (199, 0), (202, 0);
move (13, 0), (121, 0), (199, 0), (202, 0) to (46, 0), (49, 0), (52, 0), (55, 0);
load (42, 0) to (43, 0);
move (43, 0), (46, 0), (49, 0), (52, 0), (55, 0) to (208, 0), (211, 0), (214, 0), (217, 0), (220, 0);
load (54, 0), (204, 0) to (55, 0), (205, 0);
move (55, 0), (205, 0), (208, 0), (211, 0), (214, 0), (217, 0), (220, 0) to (91, 0), (94, 0), (97, 0), (100, 0), (103, 0), (106, 0), (109, 0);
load (87, 0), (81, 0), (66, 0) to (88, 0), (82, 0), (67, 0);
move (82, 0), (67, 0), (88, 0), (91, 0), (94, 0), (97, 0), (100, 0), (103, 0), (106, 0), (109, 0) to (94, 0), (91, 0), (211, 0), (214, 0), (217, 0), (220, 0), (223, 0), (226, 0), (229, 0), (232, 0);
load (111, 0), (105, 0), (96, 0), (207, 0) to (112, 0), (106, 0), (97, 0), (208, 0);
move (97, 0), (94, 0), (91, 0), (106, 0), (112, 0), (208, 0), (211, 0), (214, 0), (217, 0), (220, 0), (223, 0), (226, 0), (229, 0), (232, 0) to (169, 0), (160, 0), (97, 0), (175, 0), (178, 0), (181, 0), (184, 0), (187, 0), (190, 0), (193, 0), (196, 0), (199, 0), (202, 0), (205, 0);
load (171, 0), (162, 0), (99, 0) to (172, 0), (163, 0), (100, 0);
move (100, 0), (97, 0), (160, 0), (163, 0), (169, 0), (172, 0), (175, 0), (178, 0), (181, 0), (184, 0), (187, 0), (190, 0), (193, 0), (196, 0), (199, 0), (202, 0), (205, 0) to (172, 0), (169, 0), (178, 0), (181, 0), (184, 0), (187, 0), (190, 0), (193, 0), (196, 0), (199, 0), (202, 0), (205, 0), (208, 0), (211, 0), (214, 0), (217, 0), (220, 0);
load (174, 0) to (175, 0);
move (169, 0), (172, 0), (175, 0), (178, 0), (181, 0), (184, 0), (187, 0), (190, 0), (193, 0), (196, 0), (199, 0), (202, 0), (205, 0), (208, 0), (211, 0), (214, 0), (217, 0), (220, 0) to (217, 0), (220, 0), (223, 0), (226, 0), (229, 0), (232, 0), (235, 0), (238, 0), (241, 0), (244, 0), (247, 0), (250, 0), (253, 0), (256, 0), (259, 0), (262, 0), (265, 0), (268, 0);
load (210, 0), (213, 0) to (211, 0), (214, 0);
move (211, 0), (214, 0), (217, 0), (220, 0), (223, 0), (226, 0), (229, 0), (232, 0), (235, 0), (238, 0), (241, 0), (244, 0), (247, 0), (250, 0), (253, 0), (256, 0), (259, 0), (262, 0), (265, 0), (268, 0) to (35, 308), (45, 308), (55, 308), (65, 308), (75, 308), (85, 308), (95, 308), (105, 308), (115, 308), (125, 308), (135, 308), (145, 308), (155, 308), (165, 308), (175, 308), (185, 308), (195, 308), (205, 308), (215, 308), (225, 308);
cz;
move (35, 308), (45, 308), (55, 308), (65, 308), (75, 308), (85, 308), (95, 308), (105, 308), (115, 308), (125, 308), (135, 308), (145, 308), (155, 308), (165, 308), (175, 308), (185, 308), (195, 308), (205, 308), (215, 308), (225, 308) to (1, 0), (10, 0), (13, 0), (16, 0), (43, 0), (49, 0), (55, 0), (67, 0), (73, 0), (82, 0), (88, 0), (91, 0), (97, 0), (100, 0), (103, 0), (106, 0), (109, 0), (112, 0), (115, 0), (121, 0);
store (1, 0), (10, 0), (13, 0), (16, 0), (43, 0), (49, 0), (55, 0), (67, 0), (73, 0), (82, 0), (88, 0), (91, 0), (97, 0), (100, 0), (103, 0), (106, 0), (109, 0), (112, 0), (115, 0), (121, 0) to (0, 0), (9, 0), (12, 0), (15, 0), (42, 0), (48, 0), (54, 0), (66, 0), (72, 0), (81, 0), (87, 0), (90, 0), (96, 0), (99, 0), (102, 0), (105, 0), (108, 0), (111, 0), (114, 0), (120, 0);
load (35, 307), (45, 307), (55, 307), (65, 307), (75, 307), (85, 307), (95, 307), (105, 307), (115, 307), (125, 307), (135, 307), (145, 307), (155, 307), (165, 307), (175, 307), (185, 307), (195, 307), (205, 307), (215, 307), (225, 307) to (36, 307), (46, 307), (56, 307), (66, 307), (76, 307), (86, 307), (96, 307), (106, 307), (116, 307), (126, 307), (136, 307), (146, 307), (156, 307), (166, 307), (176, 307), (186, 307), (196, 307), (206, 307), (216, 307), (226, 307);
move (36, 307), (46, 307), (56, 307), (66, 307), (76, 307), (86, 307), (96, 307), (106, 307), (116, 307), (126, 307), (136, 307), (146, 307), (156, 307), (166, 307), (176, 307), (186, 307), (196, 307), (206, 307), (216, 307), (226, 307) to (127, 0), (136, 0), (145, 0), (163, 0), (166, 0), (172, 0), (175, 0), (178, 0), (181, 0), (184, 0), (187, 0), (190, 0), (193, 0), (196, 0), (199, 0), (202, 0), (205, 0), (208, 0), (211, 0), (214, 0);
store (127, 0), (136, 0), (145, 0), (163, 0), (166, 0), (172, 0), (175, 0), (178, 0), (181, 0), (184, 0), (187, 0), (190, 0), (193, 0), (196, 0), (199, 0), (202, 0), (205, 0), (208, 0), (211, 0), (214, 0) to (126, 0), (135, 0), (144, 0), (162, 0), (165, 0), (171, 0), (174, 0), (177, 0), (180, 0), (183, 0), (186, 0), (189, 0), (192, 0), (195, 0), (198, 0), (201, 0), (204, 0), (207, 0), (210, 0), (213, 0);
rz(1.5708) at (0, 0), (9, 0), (42, 0), (66, 0), (81, 0), (90, 0), (102, 0), (111, 0), (114, 0), (120, 0), (126, 0), (135, 0), (162, 0), (171, 0), (174, 0), (177, 0), (186, 0), (189, 0), (192, 0), (198, 0), (204, 0), (210, 0), (213, 0);
rz(1.5708) at (42, 0), (66, 0), (81, 0), (111, 0), (162, 0), (171, 0), (174, 0), (189, 0);
load (39, 0), (30, 0) to (40, 0), (31, 0);
move (31, 0), (40, 0) to (220, 0), (223, 0);
load (150, 0), (216, 0) to (151, 0), (217, 0);
move (220, 0), (223, 0), (217, 0), (151, 0) to (56, 307), (66, 307), (46, 307), (36, 307);
store (56, 307), (66, 307), (46, 307), (36, 307) to (55, 307), (65, 307), (45, 307), (35, 307);
load (132, 0), (123, 0) to (133, 0), (124, 0);
move (124, 0), (133, 0) to (217, 0), (223, 0);
load (219, 0) to (220, 0);
move (217, 0), (220, 0), (223, 0) to (35, 308), (45, 308), (55, 308);
cz;
move (35, 308), (45, 308), (55, 308) to (24, 308), (29, 308), (65, 308);
cz;
move (24, 308), (29, 308), (65, 308) to (31, 0), (40, 0), (124, 0);
store (31, 0), (40, 0), (124, 0) to (30, 0), (39, 0), (123, 0);
load (35, 307), (45, 307), (55, 307), (65, 307) to (36, 307), (46, 307), (56, 307), (66, 307);
move (36, 307), (46, 307), (56, 307), (66, 307) to (133, 0), (151, 0), (217, 0), (220, 0);
store (133, 0), (151, 0), (217, 0), (220, 0) to (132, 0), (150, 0), (216, 0), (219, 0);
rz(1.5708) at (39, 0), (123, 0), (132, 0), (150, 0), (219, 0);
rz(1.5708) at (123, 0), (132, 0);
load (189, 0), (39, 0) to (190, 0), (40, 0);
move (40, 0), (190, 0) to (217, 0), (223, 0);
load (219, 0), (138, 0), (117, 0), (111, 0), (42, 0) to (220, 0), (139, 0), (118, 0), (112, 0), (43, 0);
move (112, 0), (43, 0), (118, 0), (139, 0), (217, 0), (220, 0), (223, 0) to (130, 0), (121, 0), (172, 0), (175, 0), (178, 0), (181, 0), (184, 0);
load (168, 0), (132, 0), (123, 0) to (169, 0), (133, 0), (124, 0);
move (130, 0), (124, 0), (121, 0), (133, 0), (169, 0), (172, 0), (175, 0), (178, 0), (181, 0), (184, 0) to (184, 0), (181, 0), (169, 0), (190, 0), (193, 0), (196, 0), (199, 0), (202, 0), (205, 0), (208, 0);
load (186, 0), (174, 0), (171, 0), (135, 0), (126, 0) to (187, 0), (175, 0), (172, 0), (136, 0), (127, 0);
move (175, 0), (172, 0), (169, 0), (136, 0), (127, 0), (181, 0), (184, 0), (187, 0), (190, 0), (193, 0), (196, 0), (199, 0), (202, 0), (205, 0), (208, 0) to (211, 0), (208, 0), (205, 0), (202, 0), (199, 0), (217, 0), (220, 0), (223, 0), (226, 0), (229, 0), (232, 0), (235, 0), (238, 0), (241, 0), (244, 0);
load (213, 0) to (214, 0);
move (211, 0), (208, 0), (205, 0), (202, 0), (199, 0), (214, 0), (217, 0), (220, 0), (223, 0), (226, 0), (229, 0), (232, 0), (235, 0), (238, 0), (241, 0), (244, 0) to (220, 0), (217, 0), (214, 0), (211, 0), (208, 0), (226, 0), (229, 0), (232, 0), (235, 0), (238, 0), (241, 0), (244, 0), (247, 0), (250, 0), (253, 0), (256, 0);
load (222, 0) to (223, 0);
move (244, 0), (232, 0), (241, 0), (238, 0), (235, 0), (256, 0), (226, 0), (223, 0), (211, 0), (208, 0), (220, 0), (217, 0), (214, 0), (247, 0), (229, 0), (250, 0), (253, 0) to (156, 307), (116, 307), (146, 307), (136, 307), (126, 307), (196, 307), (96, 307), (86, 307), (46, 307), (36, 307), (76, 307), (66, 307), (56, 307), (166, 307), (106, 307), (176, 307), (186, 307);
store (156, 307), (116, 307), (146, 307), (136, 307), (126, 307), (196, 307), (96, 307), (86, 307), (46, 307), (36, 307), (76, 307), (66, 307), (56, 307), (166, 307), (106, 307), (176, 307), (186, 307) to (155, 307), (115, 307), (145, 307), (135, 307), (125, 307), (195, 307), (95, 307), (85, 307), (45, 307), (35, 307), (75, 307), (65, 307), (55, 307), (165, 307), (105, 307), (175, 307), (185, 307);
load (90, 0), (66, 0), (30, 0), (9, 0), (0, 0) to (91, 0), (67, 0), (31, 0), (10, 0), (1, 0);
move (67, 0), (31, 0), (10, 0), (1, 0), (91, 0) to (148, 0), (145, 0), (34, 0), (31, 0), (154, 0);
load (150, 0), (36, 0) to (151, 0), (37, 0);
move (148, 0), (145, 0), (37, 0), (34, 0), (31, 0), (151, 0), (154, 0) to (202, 0), (199, 0), (196, 0), (46, 0), (43, 0), (208, 0), (211, 0);
load (204, 0), (120, 0), (54, 0), (48, 0) to (205, 0), (121, 0), (55, 0), (49, 0);
move (121, 0), (55, 0), (49, 0), (46, 0), (43, 0), (196, 0), (199, 0), (202, 0), (205, 0), (208, 0), (211, 0) to (205, 0), (202, 0), (199, 0), (163, 0), (160, 0), (211, 0), (214, 0), (217, 0), (220, 0), (223, 0), (226, 0);
load (207, 0), (165, 0) to (208, 0), (166, 0);
move (205, 0), (202, 0), (199, 0), (166, 0), (163, 0), (160, 0), (208, 0), (211, 0), (214, 0), (217, 0), (220, 0), (223, 0), (226, 0) to (214, 0), (211, 0), (208, 0), (205, 0), (202, 0), (199, 0), (220, 0), (223, 0), (226, 0), (229, 0), (232, 0), (235, 0), (238, 0);
load (216, 0) to (217, 0);
move (211, 0), (208, 0), (205, 0), (202, 0), (199, 0), (214, 0), (217, 0), (220, 0), (223, 0), (226, 0), (229, 0), (232, 0), (235, 0), (238, 0) to (223, 0), (220, 0), (217, 0), (214, 0), (211, 0), (229, 0), (232, 0), (235, 0), (238, 0), (241, 0), (244, 0), (247, 0), (250, 0), (253, 0);
load (225, 0) to (226, 0);
move (211, 0), (214, 0), (217, 0), (220, 0), (223, 0), (226, 0), (229, 0), (232, 0), (235, 0), (238, 0), (241, 0), (244, 0), (247, 0), (250, 0), (253, 0) to (35, 308), (45, 308), (55, 308), (65, 308), (75, 308), (85, 308), (95, 308), (105, 308), (115, 308), (125, 308), (135, 308), (145, 308), (155, 308), (165, 308), (185, 308);
cz;
move (35, 308), (45, 308), (55, 308), (65, 308), (75, 308), (85, 308), (95, 308), (105, 308), (115, 308), (125, 308), (135, 308), (145, 308), (155, 308), (165, 308), (185, 308) to (-31, 308), (-26, 308), (-21, 308), (-16, 308), (-11, 308), (-6, 308), (-1, 308), (4, 308), (9, 308), (14, 308), (19, 308), (24, 308), (29, 308), (175, 308), (195, 308);
cz;
move (-31, 308), (-26, 308), (-21, 308), (-16, 308), (-11, 308), (-6, 308), (-1, 308), (4, 308), (9, 308), (14, 308), (19, 308), (24, 308), (29, 308), (175, 308), (195, 308) to (1, 0), (10, 0), (31, 0), (37, 0), (40, 0), (43, 0), (49, 0), (55, 0), (67, 0), (91, 0), (112, 0), (118, 0), (121, 0), (124, 0), (127, 0);
store (1, 0), (10, 0), (31, 0), (37, 0), (40, 0), (43, 0), (49, 0), (55, 0), (67, 0), (91, 0), (112, 0), (118, 0), (121, 0), (124, 0), (127, 0) to (0, 0), (9, 0), (30, 0), (36, 0), (39, 0), (42, 0), (48, 0), (54, 0), (66, 0), (90, 0), (111, 0), (117, 0), (120, 0), (123, 0), (126, 0);
load (35, 307), (45, 307), (55, 307), (65, 307), (75, 307), (85, 307), (95, 307), (105, 307), (115, 307), (125, 307), (135, 307), (145, 307), (155, 307), (165, 307), (175, 307), (185, 307), (195, 307) to (36, 307), (46, 307), (56, 307), (66, 307), (76, 307), (86, 307), (96, 307), (106, 307), (116, 307), (126, 307), (136, 307), (146, 307), (156, 307), (166, 307), (176, 307), (186, 307), (196, 307);
move (36, 307), (46, 307), (56, 307), (66, 307), (76, 307), (86, 307), (96, 307), (106, 307), (116, 307), (126, 307), (136, 307), (146, 307), (156, 307), (166, 307), (176, 307), (186, 307), (196, 307) to (133, 0), (136, 0), (139, 0), (151, 0), (166, 0), (169, 0), (172, 0), (175, 0), (187, 0), (190, 0), (205, 0), (208, 0), (214, 0), (217, 0), (220, 0), (223, 0), (226, 0);
store (133, 0), (136, 0), (139, 0), (151, 0), (166, 0), (169, 0), (172, 0), (175, 0), (187, 0), (190, 0), (205, 0), (208, 0), (214, 0), (217, 0), (220, 0), (223, 0), (226, 0) to (132, 0), (135, 0), (138, 0), (150, 0), (165, 0), (168, 0), (171, 0), (174, 0), (186, 0), (189, 0), (204, 0), (207, 0), (213, 0), (216, 0), (219, 0), (222, 0), (225, 0);
rz(1.5708) at (9, 0), (42, 0), (90, 0), (123, 0), (126, 0), (132, 0), (171, 0), (213, 0), (219, 0);
rz(1.5708) at (90, 0), (123, 0), (126, 0), (213, 0);
load (210, 0), (90, 0), (60, 0), (42, 0), (27, 0), (9, 0) to (211, 0), (91, 0), (61, 0), (43, 0), (28, 0), (10, 0);
move (10, 0), (28, 0), (43, 0), (61, 0), (91, 0), (211, 0) to (73, 0), (247, 0), (262, 0), (265, 0), (268, 0), (271, 0);
load (126, 0), (75, 0), (228, 0), (231, 0), (234, 0), (237, 0), (240, 0), (243, 0), (249, 0), (252, 0), (255, 0), (258, 0) to (127, 0), (76, 0), (229, 0), (232, 0), (235, 0), (238, 0), (241, 0), (244, 0), (250, 0), (253, 0), (256, 0), (259, 0);
move (76, 0), (73, 0), (127, 0), (229, 0), (232, 0), (235, 0), (238, 0), (241, 0), (244, 0), (247, 0), (250, 0), (253, 0), (256, 0), (259, 0), (262, 0), (265, 0), (268, 0), (271, 0) to (217, 0), (214, 0), (223, 0), (226, 0), (229, 0), (232, 0), (235, 0), (238, 0), (241, 0), (244, 0), (247, 0), (250, 0), (253, 0), (256, 0), (259, 0), (262, 0), (265, 0), (268, 0);
load (219, 0) to (220, 0);
move (214, 0), (217, 0), (220, 0), (223, 0), (226, 0), (229, 0), (232, 0), (235, 0), (238, 0), (241, 0), (244, 0), (247, 0), (250, 0), (253, 0), (256, 0), (259, 0), (262, 0), (265, 0), (268, 0) to (250, 0), (253, 0), (256, 0), (259, 0), (262, 0), (265, 0), (268, 0), (271, 0), (274, 0), (277, 0), (280, 0), (283, 0), (286, 0), (289, 0), (292, 0), (295, 0), (298, 0), (303, 0), (308, 0);
load (246, 0) to (247, 0);
move (298, 0), (292, 0), (289, 0), (286, 0), (295, 0), (247, 0), (250, 0), (308, 0), (303, 0), (271, 0), (274, 0), (259, 0), (268, 0), (256, 0), (253, 0), (262, 0), (265, 0), (277, 0), (280, 0), (283, 0) to (206, 307), (186, 307), (176, 307), (166, 307), (196, 307), (36, 307), (46, 307), (226, 307), (216, 307), (116, 307), (126, 307), (76, 307), (106, 307), (66, 307), (56, 307), (86, 307), (96, 307), (136, 307), (146, 307), (156, 307);
store (206, 307), (186, 307), (176, 307), (166, 307), (196, 307), (36, 307), (46, 307), (226, 307), (216, 307), (116, 307), (126, 307), (76, 307), (106, 307), (66, 307), (56, 307), (86, 307), (96, 307), (136, 307), (146, 307), (156, 307) to (205, 307), (185, 307), (175, 307), (165, 307), (195, 307), (35, 307), (45, 307), (225, 307), (215, 307), (115, 307), (125, 307), (75, 307), (105, 307), (65, 307), (55, 307), (85, 307), (95, 307), (135, 307), (145, 307), (155, 307);
load (114, 0), (57, 0) to (115, 0), (58, 0);
move (58, 0), (115, 0) to (187, 0), (193, 0);
load (189, 0), (168, 0), (78, 0), (63, 0) to (190, 0), (169, 0), (79, 0), (64, 0);
move (64, 0), (79, 0), (169, 0), (187, 0), (190, 0), (193, 0) to (85, 0), (280, 0), (295, 0), (298, 0), (303, 0), (308, 0);
load (222, 0), (87, 0), (261, 0), (264, 0), (267, 0), (270, 0), (273, 0), (276, 0), (282, 0), (285, 0), (288, 0), (291, 0) to (223, 0), (88, 0), (262, 0), (265, 0), (268, 0), (271, 0), (274, 0), (277, 0), (283, 0), (286, 0), (289, 0), (292, 0);
move (85, 0), (88, 0), (223, 0), (262, 0), (265, 0), (268, 0), (271, 0), (274, 0), (277, 0), (280, 0), (283, 0), (286, 0), (289, 0), (292, 0), (295, 0), (298, 0), (303, 0), (308, 0) to (112, 0), (115, 0), (118, 0), (121, 0), (124, 0), (127, 0), (130, 0), (133, 0), (136, 0), (139, 0), (142, 0), (145, 0), (148, 0), (151, 0), (154, 0), (157, 0), (160, 0), (163, 0);
load (108, 0) to (109, 0);
move (109, 0), (112, 0), (115, 0), (118, 0), (121, 0), (124, 0), (127, 0), (130, 0), (133, 0), (136, 0), (139, 0), (142, 0), (145, 0), (148, 0), (151, 0), (154, 0), (157, 0), (160, 0), (163, 0) to (283, 0), (286, 0), (289, 0), (292, 0), (295, 0), (298, 0), (303, 0), (308, 0), (313, 0), (318, 0), (323, 0), (328, 0), (333, 0), (338, 0), (343, 0), (348, 0), (353, 0), (358, 0), (363, 0);
load (279, 0) to (280, 0);
move (280, 0), (283, 0), (286, 0), (289, 0), (292, 0), (295, 0), (298, 0), (303, 0), (308, 0), (313, 0), (318, 0), (323, 0), (328, 0), (333, 0), (338, 0), (343, 0), (348, 0), (353, 0), (358, 0), (363, 0) to (35, 308), (45, 308), (55, 308), (65, 308), (75, 308), (85, 308), (95, 308), (105, 308), (115, 308), (125, 308), (135, 308), (145, 308), (155, 308), (165, 308), (175, 308), (185, 308), (195, 308), (205, 308), (215, 308), (225, 308);
cz;
move (35, 308), (45, 308), (55, 308), (65, 308), (75, 308), (85, 308), (95, 308), (105, 308), (115, 308), (125, 308), (135, 308), (145, 308), (155, 308), (165, 308), (175, 308), (185, 308), (195, 308), (205, 308), (215, 308), (225, 308) to (10, 0), (28, 0), (43, 0), (58, 0), (61, 0), (64, 0), (76, 0), (79, 0), (88, 0), (91, 0), (109, 0), (115, 0), (127, 0), (169, 0), (190, 0), (211, 0), (220, 0), (223, 0), (229, 0), (232, 0);
store (10, 0), (28, 0), (43, 0), (58, 0), (61, 0), (64, 0), (76, 0), (79, 0), (88, 0), (91, 0), (109, 0), (115, 0), (127, 0), (169, 0), (190, 0), (211, 0), (220, 0), (223, 0), (229, 0), (232, 0) to (9, 0), (27, 0), (42, 0), (57, 0), (60, 0), (63, 0), (75, 0), (78, 0), (87, 0), (90, 0), (108, 0), (114, 0), (126, 0), (168, 0), (189, 0), (210, 0), (219, 0), (222, 0), (228, 0), (231, 0);
load (35, 307), (45, 307), (55, 307), (65, 307), (75, 307), (85, 307), (95, 307), (105, 307), (115, 307), (125, 307), (135, 307), (145, 307), (155, 307), (165, 307), (175, 307), (185, 307), (195, 307), (205, 307), (215, 307), (225, 307) to (36, 307), (46, 307), (56, 307), (66, 307), (76, 307), (86, 307), (96, 307), (106, 307), (116, 307), (126, 307), (136, 307), (146, 307), (156, 307), (166, 307), (176, 307), (186, 307), (196, 307), (206, 307), (216, 307), (226, 307);
move (36, 307), (46, 307), (56, 307), (66, 307), (76, 307), (86, 307), (96, 307), (106, 307), (116, 307), (126, 307), (136, 307), (146, 307), (156, 307), (166, 307), (176, 307), (186, 307), (196, 307), (206, 307), (216, 307), (226, 307) to (235, 0), (238, 0), (241, 0), (244, 0), (247, 0), (250, 0), (253, 0), (256, 0), (259, 0), (262, 0), (265, 0), (268, 0), (271, 0), (274, 0), (277, 0), (280, 0), (283, 0), (286, 0), (289, 0), (292, 0);
store (235, 0), (238, 0), (241, 0), (244, 0), (247, 0), (250, 0), (253, 0), (256, 0), (259, 0), (262, 0), (265, 0), (268, 0), (271, 0), (274, 0), (277, 0), (280, 0), (283, 0), (286, 0), (289, 0), (292, 0) to (234, 0), (237, 0), (240, 0), (243, 0), (246, 0), (249, 0), (252, 0), (255, 0), (258, 0), (261, 0), (264, 0), (267, 0), (270, 0), (273, 0), (276, 0), (279, 0), (282, 0), (285, 0), (288, 0), (291, 0);
rz(1.5708) at (9, 0), (27, 0), (42, 0), (57, 0), (63, 0), (75, 0), (78, 0), (87, 0), (90, 0), (108, 0), (114, 0), (126, 0), (168, 0), (189, 0), (210, 0), (222, 0), (234, 0), (240, 0), (249, 0), (252, 0), (255, 0), (258, 0), (261, 0), (264, 0), (267, 0), (270, 0), (273, 0), (276, 0), (279, 0), (282, 0), (285, 0), (291, 0);
rz(1.5708) at (27, 0), (57, 0), (114, 0), (222, 0), (240, 0);
load (126, 0), (57, 0), (18, 0), (9, 0) to (127, 0), (58, 0), (19, 0), (10, 0);
move (19, 0), (10, 0), (58, 0), (127, 0) to (208, 0), (25, 0), (214, 0), (217, 0);
load (210, 0), (153, 0), (27, 0) to (211, 0), (154, 0), (28, 0);
move (25, 0), (28, 0), (154, 0), (208, 0), (211, 0), (214, 0), (217, 0) to (136, 0), (139, 0), (142, 0), (145, 0), (148, 0), (151, 0), (154, 0);
load (132, 0), (123, 0), (81, 0) to (133, 0), (124, 0), (82, 0);
move (82, 0), (124, 0), (133, 0), (136, 0), (139, 0), (142, 0), (145, 0), (148, 0), (151, 0), (154, 0) to (157, 0), (217, 0), (220, 0), (223, 0), (226, 0), (229, 0), (232, 0), (235, 0), (238, 0), (241, 0);
load (213, 0), (159, 0), (93, 0) to (214, 0), (160, 0), (94, 0);
move (241, 0), (232, 0), (229, 0), (217, 0), (238, 0), (226, 0), (223, 0), (235, 0), (214, 0), (160, 0), (157, 0), (220, 0), (94, 0) to (226, 307), (146, 307), (136, 307), (76, 307), (216, 307), (126, 307), (96, 307), (156, 307), (66, 307), (56, 307), (46, 307), (86, 307), (36, 307);
store (226, 307), (146, 307), (136, 307), (76, 307), (216, 307), (126, 307), (96, 307), (156, 307), (66, 307), (56, 307), (46, 307), (86, 307), (36, 307) to (225, 307), (145, 307), (135, 307), (75, 307), (215, 307), (125, 307), (95, 307), (155, 307), (65, 307), (55, 307), (45, 307), (85, 307), (35, 307);
load (270, 0), (243, 0), (240, 0), (237, 0), (234, 0), (216, 0), (120, 0) to (271, 0), (244, 0), (241, 0), (238, 0), (235, 0), (217, 0), (121, 0);
move (241, 0), (238, 0), (235, 0), (217, 0), (121, 0), (244, 0), (271, 0) to (277, 0), (274, 0), (271, 0), (268, 0), (265, 0), (283, 0), (286, 0);
load (279, 0), (192, 0), (183, 0), (177, 0) to (280, 0), (193, 0), (184, 0), (178, 0);
move (178, 0), (184, 0), (193, 0), (265, 0), (268, 0), (271, 0), (274, 0), (277, 0), (280, 0), (283, 0), (286, 0) to (35, 308), (45, 308), (55, 308), (65, 308), (75, 308), (85, 308), (125, 308), (135, 308), (145, 308), (215, 308), (225, 308);
cz;
move (35, 308), (45, 308), (55, 308), (65, 308), (75, 308), (85, 308), (125, 308), (135, 308), (145, 308), (215, 308), (225, 308) to (9, 308), (14, 308), (19, 308), (24, 308), (29, 308), (95, 308), (105, 308), (115, 308), (155, 308), (165, 308), (175, 308);
cz;
move (9, 308), (14, 308), (19, 308), (24, 308), (29, 308), (95, 308), (105, 308), (115, 308), (155, 308), (165, 308), (175, 308) to (10, 0), (19, 0), (28, 0), (58, 0), (82, 0), (94, 0), (121, 0), (124, 0), (127, 0), (133, 0), (154, 0);
store (10, 0), (19, 0), (28, 0), (58, 0), (82, 0), (94, 0), (121, 0), (124, 0), (127, 0), (133, 0), (154, 0) to (9, 0), (18, 0), (27, 0), (57, 0), (81, 0), (93, 0), (120, 0), (123, 0), (126, 0), (132, 0), (153, 0);
load (35, 307), (45, 307), (55, 307), (65, 307), (75, 307), (85, 307), (95, 307), (125, 307), (135, 307), (145, 307), (155, 307), (215, 307), (225, 307) to (36, 307), (46, 307), (56, 307), (66, 307), (76, 307), (86, 307), (96, 307), (126, 307), (136, 307), (146, 307), (156, 307), (216, 307), (226, 307);
move (36, 307), (46, 307), (56, 307), (66, 307), (76, 307), (86, 307), (96, 307), (126, 307), (136, 307), (146, 307), (156, 307), (216, 307), (226, 307) to (160, 0), (178, 0), (184, 0), (193, 0), (211, 0), (214, 0), (217, 0), (235, 0), (238, 0), (241, 0), (244, 0), (271, 0), (280, 0);
store (160, 0), (178, 0), (184, 0), (193, 0), (211, 0), (214, 0), (217, 0), (235, 0), (238, 0), (241, 0), (244, 0), (271, 0), (280, 0) to (159, 0), (177, 0), (183, 0), (192, 0), (210, 0), (213, 0), (216, 0), (234, 0), (237, 0), (240, 0), (243, 0), (270, 0), (279, 0);
rz(1.5708) at (93, 0), (126, 0), (153, 0), (159, 0), (183, 0), (216, 0), (243, 0);
rz(1.5708) at (93, 0), (126, 0), (159, 0), (183, 0);
load (171, 0), (3, 0) to (172, 0), (4, 0);
move (4, 0), (172, 0) to (151, 0), (154, 0);
load (147, 0), (126, 0), (45, 0), (12, 0) to (148, 0), (127, 0), (46, 0), (13, 0);
move (127, 0), (46, 0), (13, 0), (148, 0), (151, 0), (154, 0) to (277, 0), (157, 0), (154, 0), (283, 0), (286, 0), (289, 0);
load (279, 0), (159, 0), (42, 0), (33, 0), (24, 0) to (280, 0), (160, 0), (43, 0), (34, 0), (25, 0);
move (160, 0), (157, 0), (154, 0), (43, 0), (34, 0), (25, 0), (277, 0), (280, 0), (283, 0), (286, 0), (289, 0) to (280, 0), (277, 0), (274, 0), (160, 0), (157, 0), (91, 0), (286, 0), (289, 0), (292, 0), (295, 0), (298, 0);
load (282, 0), (162, 0), (93, 0) to (283, 0), (163, 0), (94, 0);
move (91, 0), (94, 0), (157, 0), (160, 0), (163, 0), (274, 0), (277, 0), (280, 0), (283, 0), (286, 0), (289, 0), (292, 0), (295, 0), (298, 0) to (151, 0), (295, 0), (298, 0), (303, 0), (308, 0), (313, 0), (318, 0), (323, 0), (328, 0), (333, 0), (338, 0), (343, 0), (348, 0), (353, 0);
load (291, 0), (258, 0), (153, 0) to (292, 0), (259, 0), (154, 0);
move (151, 0), (154, 0), (259, 0), (292, 0), (295, 0), (298, 0), (303, 0), (308, 0), (313, 0), (318, 0), (323, 0), (328, 0), (333, 0), (338, 0), (343, 0), (348, 0), (353, 0) to (181, 0), (187, 0), (190, 0), (193, 0), (196, 0), (199, 0), (202, 0), (205, 0), (208, 0), (211, 0), (214, 0), (217, 0), (220, 0), (223, 0), (226, 0), (229, 0), (232, 0);
load (183, 0) to (184, 0);
move (181, 0), (184, 0), (187, 0), (190, 0), (193, 0), (196, 0), (199, 0), (202, 0), (205, 0), (208, 0), (211, 0), (214, 0), (217, 0), (220, 0), (223, 0), (226, 0), (229, 0), (232, 0) to (289, 0), (292, 0), (295, 0), (298, 0), (303, 0), (308, 0), (313, 0), (318, 0), (323, 0), (328, 0), (333, 0), (338, 0), (343, 0), (348, 0), (353, 0), (358, 0), (363, 0), (368, 0);
load (285, 0), (267, 0) to (286, 0), (268, 0);
move (363, 0), (358, 0), (353, 0), (338, 0), (268, 0), (313, 0), (286, 0), (289, 0), (292, 0), (295, 0), (348, 0), (333, 0), (328, 0), (323, 0), (298, 0), (303, 0), (368, 0), (343, 0), (308, 0), (318, 0) to (216, 307), (206, 307), (196, 307), (166, 307), (36, 307), (116, 307), (46, 307), (56, 307), (66, 307), (76, 307), (186, 307), (156, 307), (146, 307), (136, 307), (86, 307), (96, 307), (226, 307), (176, 307), (106, 307), (126, 307);
store (216, 307), (206, 307), (196, 307), (166, 307), (36, 307), (116, 307), (46, 307), (56, 307), (66, 307), (76, 307), (186, 307), (156, 307), (146, 307), (136, 307), (86, 307), (96, 307), (226, 307), (176, 307), (106, 307), (126, 307) to (215, 307), (205, 307), (195, 307), (165, 307), (35, 307), (115, 307), (45, 307), (55, 307), (65, 307), (75, 307), (185, 307), (155, 307), (145, 307), (135, 307), (85, 307), (95, 307), (225, 307), (175, 307), (105, 307), (125, 307);
load (189, 0), (168, 0), (9, 0), (6, 0) to (190, 0), (169, 0), (10, 0), (7, 0);
move (169, 0), (10, 0), (7, 0), (190, 0) to (220, 0), (217, 0), (100, 0), (268, 0);
load (264, 0), (222, 0), (102, 0), (15, 0) to (265, 0), (223, 0), (103, 0), (16, 0);
move (220, 0), (217, 0), (103, 0), (100, 0), (16, 0), (223, 0), (265, 0), (268, 0) to (238, 0), (235, 0), (232, 0), (229, 0), (226, 0), (247, 0), (250, 0), (253, 0);
load (243, 0), (240, 0), (213, 0), (87, 0), (27, 0) to (244, 0), (241, 0), (214, 0), (88, 0), (28, 0);
move (214, 0), (88, 0), (28, 0), (226, 0), (229, 0), (232, 0), (235, 0), (238, 0), (241, 0), (244, 0), (247, 0), (250, 0), (253, 0) to (229, 0), (226, 0), (88, 0), (235, 0), (238, 0), (241, 0), (244, 0), (247, 0), (250, 0), (253, 0), (256, 0), (259, 0), (262, 0);
load (231, 0), (90, 0), (48, 0) to (232, 0), (91, 0), (49, 0);
move (229, 0), (226, 0), (91, 0), (88, 0), (49, 0), (232, 0), (235, 0), (238, 0), (241, 0), (244, 0), (247, 0), (250, 0), (253, 0), (256, 0), (259, 0), (262, 0) to (247, 0), (244, 0), (241, 0), (238, 0), (214, 0), (253, 0), (256, 0), (259, 0), (262, 0), (265, 0), (268, 0), (271, 0), (274, 0), (277, 0), (280, 0), (283, 0);
load (249, 0), (216, 0), (75, 0) to (250, 0), (217, 0), (76, 0);
move (244, 0), (241, 0), (238, 0), (217, 0), (214, 0), (76, 0), (247, 0), (250, 0), (253, 0), (256, 0), (259, 0), (262, 0), (265, 0), (268, 0), (271, 0), (274, 0), (277, 0), (280, 0), (283, 0) to (253, 0), (250, 0), (247, 0), (244, 0), (241, 0), (238, 0), (259, 0), (262, 0), (265, 0), (268, 0), (271, 0), (274, 0), (277, 0), (280, 0), (283, 0), (286, 0), (289, 0), (292, 0), (295, 0);
load (255, 0) to (256, 0);
move (238, 0), (241, 0), (244, 0), (247, 0), (250, 0), (253, 0), (256, 0), (259, 0), (262, 0), (265, 0), (268, 0), (271, 0), (274, 0), (277, 0), (280, 0), (283, 0), (286, 0), (289, 0), (292, 0), (295, 0) to (35, 308), (45, 308), (55, 308), (65, 308), (75, 308), (85, 308), (95, 308), (105, 308), (115, 308), (125, 308), (135, 308), (145, 308), (155, 308), (165, 308), (175, 308), (185, 308), (195, 308), (205, 308), (215, 308), (225, 308);
cz;
move (35, 308), (45, 308), (55, 308), (65, 308), (75, 308), (85, 308), (95, 308), (105, 308), (115, 308), (125, 308), (135, 308), (145, 308), (155, 308), (165, 308), (175, 308), (185, 308), (195, 308), (205, 308), (215, 308), (225, 308) to (4, 0), (7, 0), (10, 0), (13, 0), (16, 0), (25, 0), (28, 0), (34, 0), (43, 0), (46, 0), (49, 0), (76, 0), (88, 0), (91, 0), (94, 0), (103, 0), (127, 0), (148, 0), (154, 0), (160, 0);
store (4, 0), (7, 0), (10, 0), (13, 0), (16, 0), (25, 0), (28, 0), (34, 0), (43, 0), (46, 0), (49, 0), (76, 0), (88, 0), (91, 0), (94, 0), (103, 0), (127, 0), (148, 0), (154, 0), (160, 0) to (3, 0), (6, 0), (9, 0), (12, 0), (15, 0), (24, 0), (27, 0), (33, 0), (42, 0), (45, 0), (48, 0), (75, 0), (87, 0), (90, 0), (93, 0), (102, 0), (126, 0), (147, 0), (153, 0), (159, 0);
load (35, 307), (45, 307), (55, 307), (65, 307), (75, 307), (85, 307), (95, 307), (105, 307), (115, 307), (125, 307), (135, 307), (145, 307), (155, 307), (165, 307), (175, 307), (185, 307), (195, 307), (205, 307), (215, 307), (225, 307) to (36, 307), (46, 307), (56, 307), (66, 307), (76, 307), (86, 307), (96, 307), (106, 307), (116, 307), (126, 307), (136, 307), (146, 307), (156, 307), (166, 307), (176, 307), (186, 307), (196, 307), (206, 307), (216, 307), (226, 307);
move (36, 307), (46, 307), (56, 307), (66, 307), (76, 307), (86, 307), (96, 307), (106, 307), (116, 307), (126, 307), (136, 307), (146, 307), (156, 307), (166, 307), (176, 307), (186, 307), (196, 307), (206, 307), (216, 307), (226, 307) to (163, 0), (169, 0), (172, 0), (184, 0), (190, 0), (214, 0), (217, 0), (223, 0), (232, 0), (241, 0), (244, 0), (250, 0), (256, 0), (259, 0), (265, 0), (268, 0), (280, 0), (283, 0), (286, 0), (292, 0);
store (163, 0), (169, 0), (172, 0), (184, 0), (190, 0), (214, 0), (217, 0), (223, 0), (232, 0), (241, 0), (244, 0), (250, 0), (256, 0), (259, 0), (265, 0), (268, 0), (280, 0), (283, 0), (286, 0), (292, 0) to (162, 0), (168, 0), (171, 0), (183, 0), (189, 0), (213, 0), (216, 0), (222, 0), (231, 0), (240, 0), (243, 0), (249, 0), (255, 0), (258, 0), (264, 0), (267, 0), (279, 0), (282, 0), (285, 0), (291, 0);
rz(1.5708) at (6, 0), (45, 0), (75, 0), (171, 0), (213, 0), (249, 0), (279, 0);
rz(1.5708) at (6, 0), (45, 0), (171, 0), (249, 0), (279, 0);
load (279, 0), (45, 0), (3, 0) to (280, 0), (46, 0), (4, 0);
move (4, 0), (46, 0), (280, 0) to (61, 0), (67, 0), (70, 0);
load (63, 0), (9, 0) to (64, 0), (10, 0);
move (61, 0), (10, 0), (64, 0), (67, 0), (70, 0) to (166, 0), (163, 0), (253, 0), (256, 0), (259, 0);
load (249, 0), (168, 0), (93, 0), (87, 0), (75, 0), (51, 0) to (250, 0), (169, 0), (94, 0), (88, 0), (76, 0), (52, 0);
move (94, 0), (88, 0), (76, 0), (52, 0), (163, 0), (166, 0), (169, 0), (250, 0), (253, 0), (256, 0), (259, 0) to (274, 0), (271, 0), (268, 0), (112, 0), (280, 0), (283, 0), (286, 0), (289, 0), (292, 0), (295, 0), (298, 0);
load (276, 0), (114, 0), (78, 0) to (277, 0), (115, 0), (79, 0);
move (112, 0), (79, 0), (115, 0), (268, 0), (271, 0), (274, 0), (277, 0), (280, 0), (283, 0), (286, 0), (289, 0), (292, 0), (295, 0), (298, 0) to (151, 0), (148, 0), (157, 0), (160, 0), (163, 0), (166, 0), (169, 0), (172, 0), (175, 0), (178, 0), (181, 0), (184, 0), (187, 0), (190, 0);
load (153, 0) to (154, 0);
move (151, 0), (148, 0), (154, 0), (157, 0), (160, 0), (163, 0), (166, 0), (169, 0), (172, 0), (175, 0), (178, 0), (181, 0), (184, 0), (187, 0), (190, 0) to (259, 0), (256, 0), (265, 0), (268, 0), (271, 0), (274, 0), (277, 0), (280, 0), (283, 0), (286, 0), (289, 0), (292, 0), (295, 0), (298, 0), (303, 0);
load (261, 0) to (262, 0);
move (303, 0), (298, 0), (295, 0), (256, 0), (271, 0), (259, 0), (262, 0), (268, 0), (265, 0), (274, 0), (280, 0), (277, 0), (283, 0), (292, 0), (289, 0), (286, 0) to (186, 307), (176, 307), (166, 307), (36, 307), (86, 307), (46, 307), (56, 307), (76, 307), (66, 307), (96, 307), (116, 307), (106, 307), (126, 307), (156, 307), (146, 307), (136, 307);
store (186, 307), (176, 307), (166, 307), (36, 307), (86, 307), (46, 307), (56, 307), (76, 307), (66, 307), (96, 307), (116, 307), (106, 307), (126, 307), (156, 307), (146, 307), (136, 307) to (185, 307), (175, 307), (165, 307), (35, 307), (85, 307), (45, 307), (55, 307), (75, 307), (65, 307), (95, 307), (115, 307), (105, 307), (125, 307), (155, 307), (145, 307), (135, 307);
load (126, 0), (42, 0), (6, 0) to (127, 0), (43, 0), (7, 0);
move (43, 0), (7, 0), (127, 0) to (238, 0), (142, 0), (244, 0);
load (240, 0), (144, 0), (96, 0), (15, 0) to (241, 0), (145, 0), (97, 0), (16, 0);
move (97, 0), (16, 0), (142, 0), (145, 0), (238, 0), (241, 0), (244, 0) to (157, 0), (106, 0), (256, 0), (259, 0), (262, 0), (265, 0), (268, 0);
load (252, 0), (171, 0), (159, 0), (108, 0), (27, 0) to (253, 0), (172, 0), (160, 0), (109, 0), (28, 0);
move (157, 0), (109, 0), (106, 0), (28, 0), (160, 0), (172, 0), (253, 0), (256, 0), (259, 0), (262, 0), (265, 0), (268, 0) to (196, 0), (154, 0), (151, 0), (148, 0), (277, 0), (280, 0), (283, 0), (286, 0), (289, 0), (292, 0), (295, 0), (298, 0);
load (273, 0), (198, 0), (156, 0) to (274, 0), (199, 0), (157, 0);
move (148, 0), (151, 0), (154, 0), (157, 0), (196, 0), (199, 0), (274, 0), (277, 0), (280, 0), (283, 0), (286, 0), (289, 0), (292, 0), (295, 0), (298, 0) to (211, 0), (217, 0), (220, 0), (223, 0), (226, 0), (229, 0), (232, 0), (235, 0), (238, 0), (241, 0), (244, 0), (247, 0), (250, 0), (253, 0), (256, 0);
load (213, 0) to (214, 0);
move (211, 0), (214, 0), (217, 0), (220, 0), (223, 0), (226, 0), (229, 0), (232, 0), (235, 0), (238, 0), (241, 0), (244, 0), (247, 0), (250, 0), (253, 0), (256, 0) to (35, 308), (45, 308), (55, 308), (65, 308), (75, 308), (85, 308), (95, 308), (105, 308), (115, 308), (125, 308), (135, 308), (145, 308), (155, 308), (165, 308), (175, 308), (185, 308);
cz;
move (35, 308), (45, 308), (55, 308), (65, 308), (75, 308), (85, 308), (95, 308), (105, 308), (115, 308), (125, 308), (135, 308), (145, 308), (155, 308), (165, 308), (175, 308), (185, 308) to (4, 0), (7, 0), (10, 0), (16, 0), (28, 0), (43, 0), (46, 0), (52, 0), (64, 0), (76, 0), (79, 0), (88, 0), (94, 0), (97, 0), (109, 0), (115, 0);
store (4, 0), (7, 0), (10, 0), (16, 0), (28, 0), (43, 0), (46, 0), (52, 0), (64, 0), (76, 0), (79, 0), (88, 0), (94, 0), (97, 0), (109, 0), (115, 0) to (3, 0), (6, 0), (9, 0), (15, 0), (27, 0), (42, 0), (45, 0), (51, 0), (63, 0), (75, 0), (78, 0), (87, 0), (93, 0), (96, 0), (108, 0), (114, 0);
load (35, 307), (45, 307), (55, 307), (65, 307), (75, 307), (85, 307), (95, 307), (105, 307), (115, 307), (125, 307), (135, 307), (145, 307), (155, 307), (165, 307), (175, 307), (185, 307) to (36, 307), (46, 307), (56, 307), (66, 307), (76, 307), (86, 307), (96, 307), (106, 307), (116, 307), (126, 307), (136, 307), (146, 307), (156, 307), (166, 307), (176, 307), (186, 307);
move (36, 307), (46, 307), (56, 307), (66, 307), (76, 307), (86, 307), (96, 307), (106, 307), (116, 307), (126, 307), (136, 307), (146, 307), (156, 307), (166, 307), (176, 307), (186, 307) to (127, 0), (145, 0), (154, 0), (157, 0), (160, 0), (169, 0), (172, 0), (199, 0), (214, 0), (241, 0), (250, 0), (253, 0), (262, 0), (274, 0), (277, 0), (280, 0);
store (127, 0), (145, 0), (154, 0), (157, 0), (160, 0), (169, 0), (172, 0), (199, 0), (214, 0), (241, 0), (250, 0), (253, 0), (262, 0), (274, 0), (277, 0), (280, 0) to (126, 0), (144, 0), (153, 0), (156, 0), (159, 0), (168, 0), (171, 0), (198, 0), (213, 0), (240, 0), (249, 0), (252, 0), (261, 0), (273, 0), (276, 0), (279, 0);
rz(1.5708) at (3, 0), (9, 0), (15, 0), (42, 0), (45, 0), (51, 0), (63, 0), (78, 0), (96, 0), (126, 0), (144, 0), (153, 0), (156, 0), (171, 0), (198, 0), (213, 0), (249, 0), (273, 0);
rz(1.5708) at (3, 0), (9, 0), (42, 0), (63, 0), (96, 0), (144, 0), (156, 0), (171, 0), (198, 0), (249, 0);
load (6, 0), (0, 0) to (7, 0), (1, 0);
move (1, 0), (7, 0) to (61, 0), (253, 0);
load (249, 0), (63, 0), (51, 0), (42, 0), (21, 0) to (250, 0), (64, 0), (52, 0), (43, 0), (22, 0);
move (61, 0), (52, 0), (43, 0), (22, 0), (64, 0), (250, 0), (253, 0) to (127, 0), (67, 0), (64, 0), (43, 0), (235, 0), (238, 0), (241, 0);
load (231, 0), (129, 0), (78, 0), (69, 0), (45, 0) to (232, 0), (130, 0), (79, 0), (70, 0), (46, 0);
move (70, 0), (67, 0), (64, 0), (46, 0), (43, 0), (79, 0), (127, 0), (130, 0), (232, 0), (235, 0), (238, 0), (241, 0) to (196, 0), (193, 0), (169, 0), (166, 0), (163, 0), (220, 0), (223, 0), (226, 0), (229, 0), (232, 0), (235, 0), (238, 0);
load (216, 0), (198, 0), (189, 0), (171, 0) to (217, 0), (199, 0), (190, 0), (172, 0);
move (190, 0), (172, 0), (169, 0), (166, 0), (163, 0), (193, 0), (196, 0), (199, 0), (217, 0), (220, 0), (223, 0), (226, 0), (229, 0), (232, 0), (235, 0), (238, 0) to (271, 0), (268, 0), (265, 0), (262, 0), (259, 0), (277, 0), (280, 0), (283, 0), (286, 0), (289, 0), (292, 0), (295, 0), (298, 0), (303, 0), (308, 0), (313, 0);
load (273, 0) to (274, 0);
move (259, 0), (262, 0), (265, 0), (268, 0), (271, 0), (274, 0), (277, 0), (280, 0), (283, 0), (286, 0), (289, 0), (292, 0), (295, 0), (298, 0), (303, 0), (308, 0), (313, 0) to (283, 0), (289, 0), (292, 0), (295, 0), (298, 0), (303, 0), (308, 0), (313, 0), (318, 0), (323, 0), (328, 0), (333, 0), (338, 0), (343, 0), (348, 0), (353, 0), (358, 0);
load (285, 0) to (286, 0);
move (343, 0), (338, 0), (348, 0), (318, 0), (353, 0), (333, 0), (283, 0), (286, 0), (298, 0), (289, 0), (292, 0), (295, 0), (303, 0), (328, 0), (308, 0), (313, 0), (358, 0), (323, 0) to (176, 307), (166, 307), (186, 307), (126, 307), (196, 307), (156, 307), (36, 307), (46, 307), (86, 307), (56, 307), (66, 307), (76, 307), (96, 307), (146, 307), (106, 307), (116, 307), (206, 307), (136, 307);
store (176, 307), (166, 307), (186, 307), (126, 307), (196, 307), (156, 307), (36, 307), (46, 307), (86, 307), (56, 307), (66, 307), (76, 307), (96, 307), (146, 307), (106, 307), (116, 307), (206, 307), (136, 307) to (175, 307), (165, 307), (185, 307), (125, 307), (195, 307), (155, 307), (35, 307), (45, 307), (85, 307), (55, 307), (65, 307), (75, 307), (95, 307), (145, 307), (105, 307), (115, 307), (205, 307), (135, 307);
load (144, 0), (96, 0), (15, 0), (3, 0) to (145, 0), (97, 0), (16, 0), (4, 0);
move (97, 0), (16, 0), (4, 0), (145, 0) to (160, 0), (124, 0), (121, 0), (166, 0);
load (162, 0), (126, 0), (24, 0), (9, 0) to (163, 0), (127, 0), (25, 0), (10, 0);
move (160, 0), (127, 0), (124, 0), (121, 0), (25, 0), (10, 0), (163, 0), (166, 0) to (289, 0), (286, 0), (283, 0), (133, 0), (130, 0), (127, 0), (295, 0), (298, 0);
load (291, 0), (135, 0), (84, 0) to (292, 0), (136, 0), (85, 0);
move (130, 0), (127, 0), (85, 0), (133, 0), (136, 0), (283, 0), (286, 0), (289, 0), (292, 0), (295, 0), (298, 0) to (139, 0), (136, 0), (133, 0), (268, 0), (271, 0), (274, 0), (277, 0), (280, 0), (283, 0), (286, 0), (289, 0);
load (264, 0), (213, 0), (141, 0) to (265, 0), (214, 0), (142, 0);
move (133, 0), (136, 0), (139, 0), (142, 0), (214, 0), (265, 0), (268, 0), (271, 0), (274, 0), (277, 0), (280, 0), (283, 0), (286, 0), (289, 0) to (166, 0), (259, 0), (262, 0), (265, 0), (268, 0), (271, 0), (274, 0), (277, 0), (280, 0), (283, 0), (286, 0), (289, 0), (292, 0), (295, 0);
load (255, 0), (168, 0), (156, 0), (153, 0) to (256, 0), (169, 0), (157, 0), (154, 0);
move (154, 0), (157, 0), (166, 0), (169, 0), (256, 0), (259, 0), (262, 0), (265, 0), (268, 0), (271, 0), (274, 0), (277, 0), (280, 0), (283, 0), (286, 0), (289, 0), (292, 0), (295, 0) to (35, 308), (45, 308), (55, 308), (65, 308), (75, 308), (85, 308), (95, 308), (105, 308), (115, 308), (125, 308), (135, 308), (145, 308), (155, 308), (165, 308), (175, 308), (185, 308), (195, 308), (205, 308);
cz;
move (35, 308), (45, 308), (55, 308), (65, 308), (75, 308), (85, 308), (95, 308), (105, 308), (115, 308), (125, 308), (135, 308), (145, 308), (155, 308), (165, 308), (175, 308), (185, 308), (195, 308), (205, 308) to (1, 0), (4, 0), (7, 0), (10, 0), (16, 0), (22, 0), (25, 0), (43, 0), (46, 0), (52, 0), (64, 0), (70, 0), (79, 0), (85, 0), (97, 0), (127, 0), (130, 0), (136, 0);
store (1, 0), (4, 0), (7, 0), (10, 0), (16, 0), (22, 0), (25, 0), (43, 0), (46, 0), (52, 0), (64, 0), (70, 0), (79, 0), (85, 0), (97, 0), (127, 0), (130, 0), (136, 0) to (0, 0), (3, 0), (6, 0), (9, 0), (15, 0), (21, 0), (24, 0), (42, 0), (45, 0), (51, 0), (63, 0), (69, 0), (78, 0), (84, 0), (96, 0), (126, 0), (129, 0), (135, 0);
load (35, 307), (45, 307), (55, 307), (65, 307), (75, 307), (85, 307), (95, 307), (105, 307), (115, 307), (125, 307), (135, 307), (145, 307), (155, 307), (165, 307), (175, 307), (185, 307), (195, 307), (205, 307) to (36, 307), (46, 307), (56, 307), (66, 307), (76, 307), (86, 307), (96, 307), (106, 307), (116, 307), (126, 307), (136, 307), (146, 307), (156, 307), (166, 307), (176, 307), (186, 307), (196, 307), (206, 307);
move (36, 307), (46, 307), (56, 307), (66, 307), (76, 307), (86, 307), (96, 307), (106, 307), (116, 307), (126, 307), (136, 307), (146, 307), (156, 307), (166, 307), (176, 307), (186, 307), (196, 307), (206, 307) to (142, 0), (145, 0), (154, 0), (157, 0), (163, 0), (169, 0), (172, 0), (190, 0), (199, 0), (214, 0), (217, 0), (232, 0), (250, 0), (256, 0), (265, 0), (274, 0), (286, 0), (292, 0);
store (142, 0), (145, 0), (154, 0), (157, 0), (163, 0), (169, 0), (172, 0), (190, 0), (199, 0), (214, 0), (217, 0), (232, 0), (250, 0), (256, 0), (265, 0), (274, 0), (286, 0), (292, 0) to (141, 0), (144, 0), (153, 0), (156, 0), (162, 0), (168, 0), (171, 0), (189, 0), (198, 0), (213, 0), (216, 0), (231, 0), (249, 0), (255, 0), (264, 0), (273, 0), (285, 0), (291, 0);
rz(1.5708) at (6, 0), (24, 0), (42, 0), (69, 0), (141, 0), (198, 0), (249, 0), (255, 0);
rz(1.5708) at (6, 0), (24, 0), (42, 0), (69, 0), (141, 0), (198, 0), (249, 0), (255, 0);
load (153, 0), (78, 0), (0, 0) to (154, 0), (79, 0), (1, 0);
move (1, 0), (79, 0), (154, 0) to (259, 0), (262, 0), (265, 0);
load (255, 0), (189, 0), (45, 0), (24, 0) to (256, 0), (190, 0), (46, 0), (25, 0);
move (25, 0), (46, 0), (190, 0), (256, 0), (259, 0), (262, 0), (265, 0) to (67, 0), (73, 0), (76, 0), (79, 0), (82, 0), (85, 0), (88, 0);
load (69, 0) to (70, 0);
move (88, 0), (85, 0), (82, 0), (79, 0), (76, 0), (73, 0), (70, 0), (67, 0) to (106, 307), (96, 307), (86, 307), (76, 307), (66, 307), (56, 307), (46, 307), (36, 307);
store (106, 307), (96, 307), (86, 307), (76, 307), (66, 307), (56, 307), (46, 307), (36, 307) to (105, 307), (95, 307), (85, 307), (75, 307), (65, 307), (55, 307), (45, 307), (35, 307);
load (6, 0) to (7, 0);
move (7, 0) to (253, 0);
load (249, 0), (141, 0), (84, 0), (42, 0) to (250, 0), (142, 0), (85, 0), (43, 0);
move (43, 0), (85, 0), (142, 0), (250, 0), (253, 0) to (202, 0), (205, 0), (208, 0), (211, 0), (214, 0);
load (198, 0), (171, 0) to (199, 0), (172, 0);
move (172, 0), (199, 0), (202, 0), (205, 0), (208, 0), (211, 0), (214, 0) to (229, 0), (235, 0), (238, 0), (241, 0), (244, 0), (247, 0), (250, 0);
load (231, 0) to (232, 0);
move (229, 0), (232, 0), (235, 0), (238, 0), (241, 0), (244, 0), (247, 0), (250, 0) to (35, 308), (45, 308), (55, 308), (65, 308), (75, 308), (85, 308), (95, 308), (105, 308);
cz;
move (35, 308), (45, 308), (55, 308), (65, 308), (75, 308), (85, 308), (95, 308), (105, 308) to (1, 0), (7, 0), (25, 0), (43, 0), (46, 0), (70, 0), (79, 0), (85, 0);
store (1, 0), (7, 0), (25, 0), (43, 0), (46, 0), (70, 0), (79, 0), (85, 0) to (0, 0), (6, 0), (24, 0), (42, 0), (45, 0), (69, 0), (78, 0), (84, 0);
load (35, 307), (45, 307), (55, 307), (65, 307), (75, 307), (85, 307), (95, 307), (105, 307) to (36, 307), (46, 307), (56, 307), (66, 307), (76, 307), (86, 307), (96, 307), (106, 307);
move (36, 307), (46, 307), (56, 307), (66, 307), (76, 307), (86, 307), (96, 307), (106, 307) to (142, 0), (154, 0), (172, 0), (190, 0), (199, 0), (232, 0), (250, 0), (256, 0);
store (142, 0), (154, 0), (172, 0), (190, 0), (199, 0), (232, 0), (250, 0), (256, 0) to (141, 0), (153, 0), (171, 0), (189, 0), (198, 0), (231, 0), (249, 0), (255, 0);
