init at (9, 0), (15, 0), (18, 0), (0, 0), (21, 0), (24, 0), (3, 0), (27, 0), (33, 0), (12, 0), (6, 0);
rz(1.5708) at (0, 0), (3, 0), (6, 0), (9, 0), (12, 0), (15, 0), (18, 0), (21, 0), (24, 0), (27, 0), (33, 0);
load (0, 0), (3, 0), (6, 0) to (1, 0), (4, 0), (7, 0);
move (7, 0), (4, 0), (1, 0) to (56, 307), (46, 307), (36, 307);
store (56, 307), (46, 307), (36, 307) to (55, 307), (45, 307), (35, 307);
load (9, 0), (12, 0) to (10, 0), (13, 0);
move (10, 0), (13, 0) to (35, 308), (55, 308);
cz;
move (35, 308), (55, 308) to (45, 308), (65, 308);
cz;
move (45, 308), (65, 308) to (1, 0), (4, 0);
store (1, 0), (4, 0) to (0, 0), (3, 0);
load (35, 307), (45, 307), (55, 307) to (36, 307), (46, 307), (56, 307);
move (36, 307), (46, 307), (56, 307) to (7, 0), (10, 0), (13, 0);
store (7, 0), (10, 0), (13, 0) to (6, 0), (9, 0), (12, 0);
rz(1.5708) at (0, 0), (3, 0), (6, 0), (9, 0), (12, 0);
load (9, 0), (6, 0) to (10, 0), (7, 0);
move (7, 0), (10, 0) to (22, 0), (25, 0);
load (15, 0), (18, 0) to (16, 0), (19, 0);
move (25, 0), (22, 0), (19, 0), (16, 0) to (66, 307), (56, 307), (46, 307), (36, 307);
store (66, 307), (56, 307), (46, 307), (36, 307) to (65, 307), (55, 307), (45, 307), (35, 307);
load (0, 0) to (1, 0);
move (1, 0) to (35, 308);
cz;
move (35, 308) to (45, 308);
cz;
move (45, 308) to (55, 308);
cz;
move (55, 308) to (65, 308);
cz;
move (65, 308) to (1, 0);
store (1, 0) to (0, 0);
load (35, 307), (45, 307), (55, 307), (65, 307) to (36, 307), (46, 307), (56, 307), (66, 307);
move (36, 307), (46, 307), (56, 307), (66, 307) to (7, 0), (10, 0), (16, 0), (19, 0);
store (7, 0), (10, 0), (16, 0), (19, 0) to (6, 0), (9, 0), (15, 0), (18, 0);
rz(1.5708) at (0, 0), (6, 0), (9, 0), (15, 0), (18, 0);
load (12, 0), (3, 0) to (13, 0), (4, 0);
move (4, 0), (13, 0) to (13, 0), (16, 0);
load (9, 0), (6, 0) to (10, 0), (7, 0);
move (7, 0), (10, 0), (13, 0), (16, 0) to (31, 0), (37, 0), (40, 0), (43, 0);
load (21, 0), (24, 0), (27, 0), (33, 0) to (22, 0), (25, 0), (28, 0), (34, 0);
move (43, 0), (40, 0), (37, 0), (34, 0), (31, 0), (28, 0), (25, 0), (22, 0) to (106, 307), (96, 307), (86, 307), (76, 307), (66, 307), (56, 307), (46, 307), (36, 307);
store (106, 307), (96, 307), (86, 307), (76, 307), (66, 307), (56, 307), (46, 307), (36, 307) to (105, 307), (95, 307), (85, 307), (75, 307), (65, 307), (55, 307), (45, 307), (35, 307);
load (0, 0) to (1, 0);
move (1, 0) to (22, 0);
load (18, 0), (15, 0) to (19, 0), (16, 0);
move (16, 0), (19, 0), (22, 0) to (35, 308), (55, 308), (65, 308);
cz;
move (35, 308), (55, 308), (65, 308) to (45, 308), (75, 308), (85, 308);
cz;
move (45, 308), (75, 308), (85, 308) to (24, 308), (29, 308), (95, 308);
cz;
move (24, 308), (29, 308), (95, 308) to (24, 308), (29, 308), (105, 308);
cz;
move (24, 308), (29, 308), (105, 308) to (1, 0), (4, 0), (7, 0);
store (1, 0), (4, 0), (7, 0) to (0, 0), (3, 0), (6, 0);
load (35, 307), (45, 307), (55, 307), (65, 307), (75, 307), (85, 307), (95, 307), (105, 307) to (36, 307), (46, 307), (56, 307), (66, 307), (76, 307), (86, 307), (96, 307), (106, 307);
move (36, 307), (46, 307), (56, 307), (66, 307), (76, 307), (86, 307), (96, 307), (106, 307) to (10, 0), (13, 0), (16, 0), (19, 0), (22, 0), (25, 0), (28, 0), (31, 0);
store (10, 0), (13, 0), (16, 0), (19, 0), (22, 0), (25, 0), (28, 0), (31, 0) to (9, 0), (12, 0), (15, 0), (18, 0), (21, 0), (24, 0), (27, 0), (30, 0);
rz(1.5708) at (9, 0), (12, 0), (15, 0), (18, 0), (21, 0), (24, 0), (27, 0);
load (21, 0), (15, 0), (12, 0), (9, 0) to (22, 0), (16, 0), (13, 0), (10, 0);
move (13, 0), (10, 0), (16, 0), (22, 0) to (28, 0), (25, 0), (34, 0), (37, 0);
load (30, 0) to (31, 0);
move (37, 0), (34, 0), (31, 0), (28, 0), (25, 0) to (86, 307), (76, 307), (66, 307), (46, 307), (36, 307);
store (86, 307), (76, 307), (66, 307), (46, 307), (36, 307) to (85, 307), (75, 307), (65, 307), (45, 307), (35, 307);
load (3, 0), (0, 0) to (4, 0), (1, 0);
move (1, 0), (4, 0) to (25, 0), (31, 0);
load (27, 0) to (28, 0);
move (25, 0), (28, 0), (31, 0) to (35, 308), (65, 308), (75, 308);
cz;
move (35, 308), (65, 308), (75, 308) to (45, 308), (55, 308), (85, 308);
cz;
move (45, 308), (55, 308), (85, 308) to (1, 0), (4, 0), (10, 0);
store (1, 0), (4, 0), (10, 0) to (0, 0), (3, 0), (9, 0);
load (35, 307), (45, 307), (65, 307), (75, 307), (85, 307) to (36, 307), (46, 307), (66, 307), (76, 307), (86, 307);
move (36, 307), (46, 307), (66, 307), (76, 307), (86, 307) to (13, 0), (16, 0), (22, 0), (28, 0), (31, 0);
store (13, 0), (16, 0), (22, 0), (28, 0), (31, 0) to (12, 0), (15, 0), (21, 0), (27, 0), (30, 0);
rz(1.5708) at (12, 0), (15, 0), (21, 0), (27, 0), (30, 0);
load (30, 0), (27, 0), (15, 0), (12, 0) to (31, 0), (28, 0), (16, 0), (13, 0);
move (13, 0), (16, 0), (28, 0), (31, 0) to (28, 0), (31, 0), (34, 0), (37, 0);
load (24, 0), (18, 0) to (25, 0), (19, 0);
move (37, 0), (34, 0), (31, 0), (28, 0), (25, 0), (19, 0) to (86, 307), (76, 307), (66, 307), (56, 307), (46, 307), (36, 307);
store (86, 307), (76, 307), (66, 307), (56, 307), (46, 307), (36, 307) to (85, 307), (75, 307), (65, 307), (55, 307), (45, 307), (35, 307);
load (9, 0), (0, 0) to (10, 0), (1, 0);
move (1, 0), (10, 0) to (25, 0), (28, 0);
load (21, 0) to (22, 0);
move (22, 0), (25, 0), (28, 0) to (35, 308), (55, 308), (75, 308);
cz;
move (35, 308), (55, 308), (75, 308) to (45, 308), (65, 308), (85, 308);
cz;
move (45, 308), (65, 308), (85, 308) to (1, 0), (10, 0), (13, 0);
store (1, 0), (10, 0), (13, 0) to (0, 0), (9, 0), (12, 0);
load (35, 307), (45, 307), (55, 307), (65, 307), (75, 307), (85, 307) to (36, 307), (46, 307), (56, 307), (66, 307), (76, 307), (86, 307);
move (36, 307), (46, 307), (56, 307), (66, 307), (76, 307), (86, 307) to (16, 0), (19, 0), (22, 0), (25, 0), (28, 0), (31, 0);
store (16, 0), (19, 0), (22, 0), (25, 0), (28, 0), (31, 0) to (15, 0), (18, 0), (21, 0), (24, 0), (27, 0), (30, 0);
rz(1.5708) at (0, 0), (9, 0), (12, 0), (15, 0), (18, 0), (21, 0), (24, 0), (27, 0), (30, 0);
load (30, 0), (27, 0), (24, 0), (21, 0), (0, 0) to (31, 0), (28, 0), (25, 0), (22, 0), (1, 0);
move (31, 0), (28, 0), (25, 0), (22, 0), (1, 0) to (76, 307), (66, 307), (56, 307), (46, 307), (36, 307);
store (76, 307), (66, 307), (56, 307), (46, 307), (36, 307) to (75, 307), (65, 307), (55, 307), (45, 307), (35, 307);
load (12, 0), (9, 0) to (13, 0), (10, 0);
move (10, 0), (13, 0) to (19, 0), (22, 0);
load (15, 0) to (16, 0);
move (16, 0), (19, 0), (22, 0) to (35, 308), (45, 308), (65, 308);
cz;
move (35, 308), (45, 308), (65, 308) to (29, 308), (55, 308), (75, 308);
cz;
move (29, 308), (55, 308), (75, 308) to (1, 0), (10, 0), (13, 0);
store (1, 0), (10, 0), (13, 0) to (0, 0), (9, 0), (12, 0);
load (35, 307), (45, 307), (55, 307), (65, 307), (75, 307) to (36, 307), (46, 307), (56, 307), (66, 307), (76, 307);
move (36, 307), (46, 307), (56, 307), (66, 307), (76, 307) to (16, 0), (22, 0), (25, 0), (28, 0), (31, 0);
store (16, 0), (22, 0), (25, 0), (28, 0), (31, 0) to (15, 0), (21, 0), (24, 0), (27, 0), (30, 0);
rz(1.5708) at (0, 0), (9, 0), (12, 0), (15, 0), (21, 0), (24, 0), (27, 0), (30, 0);
load (30, 0), (27, 0), (24, 0), (21, 0), (18, 0), (0, 0) to (31, 0), (28, 0), (25, 0), (22, 0), (19, 0), (1, 0);
move (31, 0), (28, 0), (25, 0), (22, 0), (19, 0), (1, 0) to (86, 307), (76, 307), (66, 307), (56, 307), (46, 307), (36, 307);
store (86, 307), (76, 307), (66, 307), (56, 307), (46, 307), (36, 307) to (85, 307), (75, 307), (65, 307), (55, 307), (45, 307), (35, 307);
load (12, 0), (9, 0) to (13, 0), (10, 0);
move (10, 0), (13, 0) to (19, 0), (22, 0);
load (15, 0) to (16, 0);
move (16, 0), (19, 0), (22, 0) to (35, 308), (55, 308), (75, 308);
cz;
move (35, 308), (55, 308), (75, 308) to (45, 308), (65, 308), (85, 308);
cz;
move (45, 308), (65, 308), (85, 308) to (1, 0), (10, 0), (13, 0);
store (1, 0), (10, 0), (13, 0) to (0, 0), (9, 0), (12, 0);
load (35, 307), (45, 307), (55, 307), (65, 307), (75, 307), (85, 307) to (36, 307), (46, 307), (56, 307), (66, 307), (76, 307), (86, 307);
move (36, 307), (46, 307), (56, 307), (66, 307), (76, 307), (86, 307) to (16, 0), (19, 0), (22, 0), (25, 0), (28, 0), (31, 0);
store (16, 0), (19, 0), (22, 0), (25, 0), (28, 0), (31, 0) to (15, 0), (18, 0), (21, 0), (24, 0), (27, 0), (30, 0);
rz(1.5708) at (0, 0), (9, 0), (12, 0), (18, 0), (21, 0), (27, 0);
load (30, 0), (24, 0), (12, 0), (9, 0), (0, 0) to (31, 0), (25, 0), (13, 0), (10, 0), (1, 0);
move (1, 0), (10, 0), (13, 0), (25, 0), (31, 0) to (22, 0), (25, 0), (28, 0), (31, 0), (34, 0);
load (18, 0) to (19, 0);
move (34, 0), (31, 0), (28, 0), (25, 0), (22, 0), (19, 0) to (86, 307), (76, 307), (66, 307), (56, 307), (46, 307), (36, 307);
store (86, 307), (76, 307), (66, 307), (56, 307), (46, 307), (36, 307) to (85, 307), (75, 307), (65, 307), (55, 307), (45, 307), (35, 307);
load (27, 0), (21, 0), (15, 0) to (28, 0), (22, 0), (16, 0);
move (16, 0), (22, 0), (28, 0) to (35, 308), (55, 308), (65, 308);
cz;
move (35, 308), (55, 308), (65, 308) to (45, 308), (75, 308), (85, 308);
cz;
move (45, 308), (75, 308), (85, 308) to (1, 0), (10, 0), (13, 0);
store (1, 0), (10, 0), (13, 0) to (0, 0), (9, 0), (12, 0);
load (35, 307), (45, 307), (55, 307), (65, 307), (75, 307), (85, 307) to (36, 307), (46, 307), (56, 307), (66, 307), (76, 307), (86, 307);
move (36, 307), (46, 307), (56, 307), (66, 307), (76, 307), (86, 307) to (16, 0), (19, 0), (22, 0), (25, 0), (28, 0), (31, 0);
store (16, 0), (19, 0), (22, 0), (25, 0), (28, 0), (31, 0) to (15, 0), (18, 0), (21, 0), (24, 0), (27, 0), (30, 0);
rz(1.5708) at (9, 0), (12, 0), (15, 0), (18, 0), (21, 0), (24, 0);
load (15, 0) to (16, 0);
move (16, 0) to (34, 0);
load (30, 0), (27, 0) to (31, 0), (28, 0);
move (34, 0), (31, 0), (28, 0) to (56, 307), (46, 307), (36, 307);
store (56, 307), (46, 307), (36, 307) to (55, 307), (45, 307), (35, 307);
load (0, 0) to (1, 0);
move (1, 0) to (28, 0);
load (24, 0), (21, 0) to (25, 0), (22, 0);
move (22, 0), (25, 0), (28, 0) to (35, 308), (45, 308), (55, 308);
cz;
move (35, 308), (45, 308), (55, 308) to (1, 0), (16, 0), (22, 0);
store (1, 0), (16, 0), (22, 0) to (0, 0), (15, 0), (21, 0);
load (35, 307), (45, 307), (55, 307) to (36, 307), (46, 307), (56, 307);
move (36, 307), (46, 307), (56, 307) to (25, 0), (28, 0), (31, 0);
store (25, 0), (28, 0), (31, 0) to (24, 0), (27, 0), (30, 0);
rz(1.5708) at (0, 0), (15, 0), (30, 0);
load (18, 0) to (19, 0);
move (19, 0) to (31, 0);
load (27, 0), (24, 0) to (28, 0), (25, 0);
move (31, 0), (28, 0), (25, 0) to (56, 307), (46, 307), (36, 307);
store (56, 307), (46, 307), (36, 307) to (55, 307), (45, 307), (35, 307);
load (30, 0), (12, 0), (9, 0) to (31, 0), (13, 0), (10, 0);
move (10, 0), (13, 0), (31, 0) to (35, 308), (45, 308), (55, 308);
cz;
move (35, 308), (45, 308), (55, 308) to (10, 0), (13, 0), (19, 0);
store (10, 0), (13, 0), (19, 0) to (9, 0), (12, 0), (18, 0);
load (35, 307), (45, 307), (55, 307) to (36, 307), (46, 307), (56, 307);
move (36, 307), (46, 307), (56, 307) to (25, 0), (28, 0), (31, 0);
store (25, 0), (28, 0), (31, 0) to (24, 0), (27, 0), (30, 0);
rz(1.5708) at (9, 0), (12, 0), (18, 0), (30, 0);
load (9, 0) to (10, 0);
move (10, 0) to (16, 0);
load (12, 0) to (13, 0);
move (13, 0), (16, 0) to (34, 0), (37, 0);
load (30, 0) to (31, 0);
move (37, 0), (34, 0), (31, 0) to (56, 307), (46, 307), (36, 307);
store (56, 307), (46, 307), (36, 307) to (55, 307), (45, 307), (35, 307);
load (0, 0) to (1, 0);
move (1, 0) to (19, 0);
load (15, 0) to (16, 0);
move (16, 0), (19, 0) to (25, 0), (28, 0);
load (21, 0) to (22, 0);
move (22, 0), (25, 0), (28, 0) to (35, 308), (45, 308), (55, 308);
cz;
move (35, 308), (45, 308), (55, 308) to (1, 0), (10, 0), (13, 0);
store (1, 0), (10, 0), (13, 0) to (0, 0), (9, 0), (12, 0);
load (35, 307), (45, 307), (55, 307) to (36, 307), (46, 307), (56, 307);
move (36, 307), (46, 307), (56, 307) to (16, 0), (22, 0), (31, 0);
store (16, 0), (22, 0), (31, 0) to (15, 0), (21, 0), (30, 0);
rz(1.5708) at (9, 0), (12, 0), (15, 0), (21, 0), (30, 0);
load (24, 0), (15, 0), (0, 0) to (25, 0), (16, 0), (1, 0);
move (16, 0), (1, 0), (25, 0) to (25, 0), (22, 0), (31, 0);
load (27, 0) to (28, 0);
move (31, 0), (28, 0), (25, 0), (22, 0) to (66, 307), (56, 307), (46, 307), (36, 307);
store (66, 307), (56, 307), (46, 307), (36, 307) to (65, 307), (55, 307), (45, 307), (35, 307);
load (12, 0), (9, 0) to (13, 0), (10, 0);
move (10, 0), (13, 0) to (22, 0), (25, 0);
load (18, 0) to (19, 0);
move (19, 0), (22, 0), (25, 0) to (35, 308), (55, 308), (65, 308);
cz;
move (35, 308), (55, 308), (65, 308) to (45, 308), (75, 308), (85, 308);
cz;
move (45, 308), (75, 308), (85, 308) to (1, 0), (10, 0), (13, 0);
store (1, 0), (10, 0), (13, 0) to (0, 0), (9, 0), (12, 0);
load (35, 307), (45, 307), (55, 307), (65, 307) to (36, 307), (46, 307), (56, 307), (66, 307);
move (36, 307), (46, 307), (56, 307), (66, 307) to (16, 0), (19, 0), (25, 0), (28, 0);
store (16, 0), (19, 0), (25, 0), (28, 0) to (15, 0), (18, 0), (24, 0), (27, 0);
rz(1.5708) at (0, 0), (9, 0), (12, 0), (18, 0);
rz(1.5708) at (0, 0);
load (18, 0), (0, 0) to (19, 0), (1, 0);
move (1, 0), (19, 0) to (31, 0), (34, 0);
load (27, 0), (12, 0), (9, 0) to (28, 0), (13, 0), (10, 0);
move (10, 0), (13, 0), (28, 0), (31, 0), (34, 0) to (22, 0), (28, 0), (31, 0), (34, 0), (37, 0);
load (24, 0) to (25, 0);
move (37, 0), (34, 0), (31, 0), (28, 0), (25, 0), (22, 0) to (86, 307), (76, 307), (66, 307), (56, 307), (46, 307), (36, 307);
store (86, 307), (76, 307), (66, 307), (56, 307), (46, 307), (36, 307) to (85, 307), (75, 307), (65, 307), (55, 307), (45, 307), (35, 307);
load (15, 0) to (16, 0);
move (16, 0) to (34, 0);
load (30, 0), (21, 0) to (31, 0), (22, 0);
move (22, 0), (31, 0), (34, 0) to (35, 308), (55, 308), (75, 308);
cz;
move (35, 308), (55, 308), (75, 308) to (45, 308), (65, 308), (85, 308);
cz;
move (45, 308), (65, 308), (85, 308) to (1, 0), (10, 0), (13, 0);
store (1, 0), (10, 0), (13, 0) to (0, 0), (9, 0), (12, 0);
load (35, 307), (45, 307), (55, 307), (65, 307), (75, 307), (85, 307) to (36, 307), (46, 307), (56, 307), (66, 307), (76, 307), (86, 307);
move (36, 307), (46, 307), (56, 307), (66, 307), (76, 307), (86, 307) to (16, 0), (19, 0), (22, 0), (25, 0), (28, 0), (31, 0);
store (16, 0), (19, 0), (22, 0), (25, 0), (28, 0), (31, 0) to (15, 0), (18, 0), (21, 0), (24, 0), (27, 0), (30, 0);
rz(1.5708) at (0, 0), (9, 0), (15, 0), (21, 0), (30, 0);
rz(1.5708) at (0, 0), (9, 0);
load (0, 0) to (1, 0);
move (1, 0) to (19, 0);
load (15, 0), (9, 0) to (16, 0), (10, 0);
move (10, 0), (16, 0), (19, 0) to (25, 0), (28, 0), (31, 0);
load (21, 0) to (22, 0);
move (31, 0), (28, 0), (25, 0), (22, 0) to (66, 307), (56, 307), (46, 307), (36, 307);
store (66, 307), (56, 307), (46, 307), (36, 307) to (65, 307), (55, 307), (45, 307), (35, 307);
load (18, 0) to (19, 0);
move (19, 0) to (28, 0);
load (24, 0) to (25, 0);
move (25, 0), (28, 0) to (35, 308), (55, 308);
cz;
move (35, 308), (55, 308) to (45, 308), (65, 308);
cz;
move (45, 308), (65, 308) to (1, 0), (10, 0);
store (1, 0), (10, 0) to (0, 0), (9, 0);
load (35, 307), (45, 307), (55, 307), (65, 307) to (36, 307), (46, 307), (56, 307), (66, 307);
move (36, 307), (46, 307), (56, 307), (66, 307) to (16, 0), (19, 0), (22, 0), (25, 0);
store (16, 0), (19, 0), (22, 0), (25, 0) to (15, 0), (18, 0), (21, 0), (24, 0);
rz(1.5708) at (15, 0), (21, 0);
load (21, 0), (15, 0) to (22, 0), (16, 0);
move (22, 0), (16, 0) to (46, 307), (36, 307);
store (46, 307), (36, 307) to (45, 307), (35, 307);
load (30, 0) to (31, 0);
move (31, 0) to (35, 308);
cz;
move (35, 308) to (45, 308);
cz;
move (45, 308) to (16, 0);
store (16, 0) to (15, 0);
load (35, 307), (45, 307) to (36, 307), (46, 307);
move (36, 307), (46, 307) to (22, 0), (31, 0);
store (22, 0), (31, 0) to (21, 0), (30, 0);
rz(1.5708) at (15, 0), (21, 0), (30, 0);
load (15, 0) to (16, 0);
move (16, 0) to (36, 307);
store (36, 307) to (35, 307);
load (21, 0) to (22, 0);
move (22, 0) to (35, 308);
cz;
move (35, 308) to (16, 0);
store (16, 0) to (15, 0);
load (35, 307) to (36, 307);
move (36, 307) to (22, 0);
store (22, 0) to (21, 0);
rz(1.5708) at (15, 0), (21, 0);
load (30, 0), (15, 0) to (31, 0), (16, 0);
move (31, 0), (16, 0) to (46, 307), (36, 307);
store (46, 307), (36, 307) to (45, 307), (35, 307);
load (21, 0) to (22, 0);
move (22, 0) to (35, 308);
cz;
move (35, 308) to (45, 308);
cz;
move (45, 308) to (16, 0);
store (16, 0) to (15, 0);
load (35, 307), (45, 307) to (36, 307), (46, 307);
move (36, 307), (46, 307) to (22, 0), (31, 0);
store (22, 0), (31, 0) to (21, 0), (30, 0);
rz(1.5708) at (15, 0), (30, 0);
load (15, 0) to (16, 0);
move (16, 0) to (34, 0);
load (30, 0) to (31, 0);
move (34, 0), (31, 0) to (46, 307), (36, 307);
store (46, 307), (36, 307) to (45, 307), (35, 307);
load (21, 0) to (22, 0);
move (22, 0) to (35, 308);
cz;
move (35, 308) to (45, 308);
cz;
move (45, 308) to (16, 0);
store (16, 0) to (15, 0);
load (35, 307), (45, 307) to (36, 307), (46, 307);
move (36, 307), (46, 307) to (22, 0), (31, 0);
store (22, 0), (31, 0) to (21, 0), (30, 0);
rz(1.5708) at (21, 0), (30, 0);
load (21, 0) to (22, 0);
move (22, 0) to (36, 307);
store (36, 307) to (35, 307);
load (15, 0) to (16, 0);
move (16, 0) to (35, 308);
cz;
move (35, 308) to (16, 0);
store (16, 0) to (15, 0);
load (35, 307) to (36, 307);
move (36, 307) to (22, 0);
store (22, 0) to (21, 0);
rz(1.5708) at (21, 0);
load (30, 0) to (31, 0);
move (31, 0) to (36, 307);
store (36, 307) to (35, 307);
load (21, 0) to (22, 0);
move (22, 0) to (35, 308);
cz;
move (35, 308) to (22, 0);
store (22, 0) to (21, 0);
load (35, 307) to (36, 307);
move (36, 307) to (31, 0);
store (31, 0) to (30, 0);
rz(1.5708) at (21, 0), (30, 0);
load (30, 0) to (31, 0);
move (31, 0) to (36, 307);
store (36, 307) to (35, 307);
load (15, 0) to (16, 0);
move (16, 0) to (35, 308);
cz;
move (35, 308) to (16, 0);
store (16, 0) to (15, 0);
load (35, 307) to (36, 307);
move (36, 307) to (31, 0);
store (31, 0) to (30, 0);
rz(1.5708) at (30, 0);
load (30, 0), (15, 0) to (31, 0), (16, 0);
move (31, 0), (16, 0) to (46, 307), (36, 307);
store (46, 307), (36, 307) to (45, 307), (35, 307);
load (21, 0) to (22, 0);
move (22, 0) to (35, 308);
cz;
move (35, 308) to (45, 308);
cz;
move (45, 308) to (16, 0);
store (16, 0) to (15, 0);
load (35, 307), (45, 307) to (36, 307), (46, 307);
move (36, 307), (46, 307) to (22, 0), (31, 0);
store (22, 0), (31, 0) to (21, 0), (30, 0);
rz(1.5708) at (15, 0), (30, 0);
rz(1.5708) at (15, 0), (30, 0);
load (30, 0), (15, 0) to (31, 0), (16, 0);
move (31, 0), (16, 0) to (46, 307), (36, 307);
store (46, 307), (36, 307) to (45, 307), (35, 307);
load (21, 0) to (22, 0);
move (22, 0) to (35, 308);
cz;
move (35, 308) to (45, 308);
cz;
move (45, 308) to (16, 0);
store (16, 0) to (15, 0);
load (35, 307), (45, 307) to (36, 307), (46, 307);
move (36, 307), (46, 307) to (22, 0), (31, 0);
store (22, 0), (31, 0) to (21, 0), (30, 0);
