init at (78, 0), (75, 0), (72, 0), (69, 0), (66, 0), (63, 0), (60, 0), (57, 0), (54, 0), (51, 0), (48, 0), (45, 0), (42, 0), (39, 0), (36, 0), (33, 0), (30, 0), (27, 0), (24, 0), (21, 0), (18, 0), (15, 0), (12, 0), (9, 0), (6, 0), (3, 0), (0, 0);
rz(1.5708) at (0, 0), (3, 0), (6, 0), (9, 0), (12, 0), (15, 0), (18, 0), (21, 0), (24, 0), (27, 0), (30, 0), (33, 0), (36, 0), (39, 0), (42, 0), (45, 0), (48, 0), (51, 0), (54, 0), (57, 0), (60, 0), (63, 0), (66, 0), (69, 0), (72, 0), (75, 0), (78, 0);
load (0, 0) to (1, 0);
move (1, 0) to (36, 307);
store (36, 307) to (35, 307);
load (3, 0) to (4, 0);
move (4, 0) to (35, 308);
cz;
move (35, 308) to (1, 0);
store (1, 0) to (0, 0);
load (35, 307) to (36, 307);
move (36, 307) to (4, 0);
store (4, 0) to (3, 0);
rz(1.5708) at (0, 0), (3, 0);
rz(1.5708) at (3, 0);
load (3, 0) to (4, 0);
move (4, 0) to (10, 0);
load (6, 0) to (7, 0);
move (10, 0), (7, 0) to (46, 307), (36, 307);
store (46, 307), (36, 307) to (45, 307), (35, 307);
load (0, 0) to (1, 0);
move (1, 0) to (35, 308);
cz;
move (35, 308) to (45, 308);
cz;
move (45, 308) to (1, 0);
store (1, 0) to (0, 0);
load (35, 307), (45, 307) to (36, 307), (46, 307);
move (36, 307), (46, 307) to (4, 0), (7, 0);
store (4, 0), (7, 0) to (3, 0), (6, 0);
rz(1.5708) at (0, 0), (3, 0);
rz(1.5708) at (0, 0);
load (0, 0) to (1, 0);
move (1, 0) to (13, 0);
load (9, 0) to (10, 0);
move (13, 0), (10, 0) to (46, 307), (36, 307);
store (46, 307), (36, 307) to (45, 307), (35, 307);
load (3, 0) to (4, 0);
move (4, 0) to (35, 308);
cz;
move (35, 308) to (45, 308);
cz;
move (45, 308) to (1, 0);
store (1, 0) to (0, 0);
load (35, 307), (45, 307) to (36, 307), (46, 307);
move (36, 307), (46, 307) to (4, 0), (10, 0);
store (4, 0), (10, 0) to (3, 0), (9, 0);
rz(1.5708) at (0, 0), (3, 0);
rz(1.5708) at (0, 0);
load (0, 0) to (1, 0);
move (1, 0) to (16, 0);
load (12, 0) to (13, 0);
move (16, 0), (13, 0) to (46, 307), (36, 307);
store (46, 307), (36, 307) to (45, 307), (35, 307);
load (3, 0) to (4, 0);
move (4, 0) to (35, 308);
cz;
move (35, 308) to (45, 308);
cz;
move (45, 308) to (1, 0);
store (1, 0) to (0, 0);
load (35, 307), (45, 307) to (36, 307), (46, 307);
move (36, 307), (46, 307) to (4, 0), (13, 0);
store (4, 0), (13, 0) to (3, 0), (12, 0);
rz(1.5708) at (0, 0), (3, 0);
rz(1.5708) at (0, 0);
load (0, 0) to (1, 0);
move (1, 0) to (19, 0);
load (15, 0) to (16, 0);
move (19, 0), (16, 0) to (46, 307), (36, 307);
store (46, 307), (36, 307) to (45, 307), (35, 307);
load (3, 0) to (4, 0);
move (4, 0) to (35, 308);
cz;
move (35, 308) to (45, 308);
cz;
move (45, 308) to (1, 0);
store (1, 0) to (0, 0);
load (35, 307), (45, 307) to (36, 307), (46, 307);
move (36, 307), (46, 307) to (4, 0), (16, 0);
store (4, 0), (16, 0) to (3, 0), (15, 0);
rz(1.5708) at (0, 0), (3, 0);
rz(1.5708) at (0, 0);
load (0, 0) to (1, 0);
move (1, 0) to (22, 0);
load (18, 0) to (19, 0);
move (22, 0), (19, 0) to (46, 307), (36, 307);
store (46, 307), (36, 307) to (45, 307), (35, 307);
load (3, 0) to (4, 0);
move (4, 0) to (35, 308);
cz;
move (35, 308) to (45, 308);
cz;
move (45, 308) to (1, 0);
store (1, 0) to (0, 0);
load (35, 307), (45, 307) to (36, 307), (46, 307);
move (36, 307), (46, 307) to (4, 0), (19, 0);
store (4, 0), (19, 0) to (3, 0), (18, 0);
rz(1.5708) at (0, 0), (3, 0);
rz(1.5708) at (0, 0);
load (0, 0) to (1, 0);
move (1, 0) to (25, 0);
load (21, 0) to (22, 0);
move (25, 0), (22, 0) to (46, 307), (36, 307);
store (46, 307), (36, 307) to (45, 307), (35, 307);
load (3, 0) to (4, 0);
move (4, 0) to (35, 308);
cz;
move (35, 308) to (45, 308);
cz;
move (45, 308) to (1, 0);
store (1, 0) to (0, 0);
load (35, 307), (45, 307) to (36, 307), (46, 307);
move (36, 307), (46, 307) to (4, 0), (22, 0);
store (4, 0), (22, 0) to (3, 0), (21, 0);
rz(1.5708) at (0, 0), (3, 0);
rz(1.5708) at (0, 0);
load (0, 0) to (1, 0);
move (1, 0) to (28, 0);
load (24, 0) to (25, 0);
move (28, 0), (25, 0) to (46, 307), (36, 307);
store (46, 307), (36, 307) to (45, 307), (35, 307);
load (3, 0) to (4, 0);
move (4, 0) to (35, 308);
cz;
move (35, 308) to (45, 308);
cz;
move (45, 308) to (1, 0);
store (1, 0) to (0, 0);
load (35, 307), (45, 307) to (36, 307), (46, 307);
move (36, 307), (46, 307) to (4, 0), (25, 0);
store (4, 0), (25, 0) to (3, 0), (24, 0);
rz(1.5708) at (0, 0), (3, 0);
rz(1.5708) at (0, 0);
load (0, 0) to (1, 0);
move (1, 0) to (31, 0);
load (27, 0) to (28, 0);
move (31, 0), (28, 0) to (46, 307), (36, 307);
store (46, 307), (36, 307) to (45, 307), (35, 307);
load (3, 0) to (4, 0);
move (4, 0) to (35, 308);
cz;
move (35, 308) to (45, 308);
cz;
move (45, 308) to (1, 0);
store (1, 0) to (0, 0);
load (35, 307), (45, 307) to (36, 307), (46, 307);
move (36, 307), (46, 307) to (4, 0), (28, 0);
store (4, 0), (28, 0) to (3, 0), (27, 0);
rz(1.5708) at (0, 0), (3, 0);
rz(1.5708) at (0, 0);
load (0, 0) to (1, 0);
move (1, 0) to (34, 0);
load (30, 0) to (31, 0);
move (34, 0), (31, 0) to (46, 307), (36, 307);
store (46, 307), (36, 307) to (45, 307), (35, 307);
load (3, 0) to (4, 0);
move (4, 0) to (35, 308);
cz;
move (35, 308) to (45, 308);
cz;
move (45, 308) to (1, 0);
store (1, 0) to (0, 0);
load (35, 307), (45, 307) to (36, 307), (46, 307);
move (36, 307), (46, 307) to (4, 0), (31, 0);
store (4, 0), (31, 0) to (3, 0), (30, 0);
rz(1.5708) at (0, 0), (3, 0);
rz(1.5708) at (0, 0);
load (0, 0) to (1, 0);
move (1, 0) to (37, 0);
load (33, 0) to (34, 0);
move (37, 0), (34, 0) to (46, 307), (36, 307);
store (46, 307), (36, 307) to (45, 307), (35, 307);
load (3, 0) to (4, 0);
move (4, 0) to (35, 308);
cz;
move (35, 308) to (45, 308);
cz;
move (45, 308) to (1, 0);
store (1, 0) to (0, 0);
load (35, 307), (45, 307) to (36, 307), (46, 307);
move (36, 307), (46, 307) to (4, 0), (34, 0);
store (4, 0), (34, 0) to (3, 0), (33, 0);
rz(1.5708) at (0, 0), (3, 0);
rz(1.5708) at (0, 0);
load (0, 0) to (1, 0);
move (1, 0) to (40, 0);
load (36, 0) to (37, 0);
move (40, 0), (37, 0) to (46, 307), (36, 307);
store (46, 307), (36, 307) to (45, 307), (35, 307);
load (3, 0) to (4, 0);
move (4, 0) to (35, 308);
cz;
move (35, 308) to (45, 308);
cz;
move (45, 308) to (1, 0);
store (1, 0) to (0, 0);
load (35, 307), (45, 307) to (36, 307), (46, 307);
move (36, 307), (46, 307) to (4, 0), (37, 0);
store (4, 0), (37, 0) to (3, 0), (36, 0);
rz(1.5708) at (0, 0), (3, 0);
rz(1.5708) at (0, 0);
load (0, 0) to (1, 0);
move (1, 0) to (43, 0);
load (39, 0) to (40, 0);
move (43, 0), (40, 0) to (46, 307), (36, 307);
store (46, 307), (36, 307) to (45, 307), (35, 307);
load (3, 0) to (4, 0);
move (4, 0) to (35, 308);
cz;
move (35, 308) to (45, 308);
cz;
move (45, 308) to (1, 0);
store (1, 0) to (0, 0);
load (35, 307), (45, 307) to (36, 307), (46, 307);
move (36, 307), (46, 307) to (4, 0), (40, 0);
store (4, 0), (40, 0) to (3, 0), (39, 0);
rz(1.5708) at (0, 0), (3, 0);
rz(1.5708) at (0, 0);
load (0, 0) to (1, 0);
move (1, 0) to (46, 0);
load (42, 0) to (43, 0);
move (46, 0), (43, 0) to (46, 307), (36, 307);
store (46, 307), (36, 307) to (45, 307), (35, 307);
load (3, 0) to (4, 0);
move (4, 0) to (35, 308);
cz;
move (35, 308) to (45, 308);
cz;
move (45, 308) to (1, 0);
store (1, 0) to (0, 0);
load (35, 307), (45, 307) to (36, 307), (46, 307);
move (36, 307), (46, 307) to (4, 0), (43, 0);
store (4, 0), (43, 0) to (3, 0), (42, 0);
rz(1.5708) at (0, 0), (3, 0);
rz(1.5708) at (0, 0);
load (0, 0) to (1, 0);
move (1, 0) to (49, 0);
load (45, 0) to (46, 0);
move (49, 0), (46, 0) to (46, 307), (36, 307);
store (46, 307), (36, 307) to (45, 307), (35, 307);
load (3, 0) to (4, 0);
move (4, 0) to (35, 308);
cz;
move (35, 308) to (45, 308);
cz;
move (45, 308) to (1, 0);
store (1, 0) to (0, 0);
load (35, 307), (45, 307) to (36, 307), (46, 307);
move (36, 307), (46, 307) to (4, 0), (46, 0);
store (4, 0), (46, 0) to (3, 0), (45, 0);
rz(1.5708) at (0, 0), (3, 0);
rz(1.5708) at (0, 0);
load (0, 0) to (1, 0);
move (1, 0) to (52, 0);
load (48, 0) to (49, 0);
move (52, 0), (49, 0) to (46, 307), (36, 307);
store (46, 307), (36, 307) to (45, 307), (35, 307);
load (3, 0) to (4, 0);
move (4, 0) to (35, 308);
cz;
move (35, 308) to (45, 308);
cz;
move (45, 308) to (1, 0);
store (1, 0) to (0, 0);
load (35, 307), (45, 307) to (36, 307), (46, 307);
move (36, 307), (46, 307) to (4, 0), (49, 0);
store (4, 0), (49, 0) to (3, 0), (48, 0);
rz(1.5708) at (0, 0), (3, 0);
rz(1.5708) at (0, 0);
load (0, 0) to (1, 0);
move (1, 0) to (55, 0);
load (51, 0) to (52, 0);
move (55, 0), (52, 0) to (46, 307), (36, 307);
store (46, 307), (36, 307) to (45, 307), (35, 307);
load (3, 0) to (4, 0);
move (4, 0) to (35, 308);
cz;
move (35, 308) to (45, 308);
cz;
move (45, 308) to (1, 0);
store (1, 0) to (0, 0);
load (35, 307), (45, 307) to (36, 307), (46, 307);
move (36, 307), (46, 307) to (4, 0), (52, 0);
store (4, 0), (52, 0) to (3, 0), (51, 0);
rz(1.5708) at (0, 0), (3, 0);
rz(1.5708) at (0, 0);
load (0, 0) to (1, 0);
move (1, 0) to (58, 0);
load (54, 0) to (55, 0);
move (58, 0), (55, 0) to (46, 307), (36, 307);
store (46, 307), (36, 307) to (45, 307), (35, 307);
load (3, 0) to (4, 0);
move (4, 0) to (35, 308);
cz;
move (35, 308) to (45, 308);
cz;
move (45, 308) to (1, 0);
store (1, 0) to (0, 0);
load (35, 307), (45, 307) to (36, 307), (46, 307);
move (36, 307), (46, 307) to (4, 0), (55, 0);
store (4, 0), (55, 0) to (3, 0), (54, 0);
rz(1.5708) at (0, 0), (3, 0);
rz(1.5708) at (0, 0);
load (0, 0) to (1, 0);
move (1, 0) to (61, 0);
load (57, 0) to (58, 0);
move (61, 0), (58, 0) to (46, 307), (36, 307);
store (46, 307), (36, 307) to (45, 307), (35, 307);
load (3, 0) to (4, 0);
move (4, 0) to (35, 308);
cz;
move (35, 308) to (45, 308);
cz;
move (45, 308) to (1, 0);
store (1, 0) to (0, 0);
load (35, 307), (45, 307) to (36, 307), (46, 307);
move (36, 307), (46, 307) to (4, 0), (58, 0);
store (4, 0), (58, 0) to (3, 0), (57, 0);
rz(1.5708) at (0, 0), (3, 0);
rz(1.5708) at (0, 0);
load (0, 0) to (1, 0);
move (1, 0) to (64, 0);
load (60, 0) to (61, 0);
move (64, 0), (61, 0) to (46, 307), (36, 307);
store (46, 307), (36, 307) to (45, 307), (35, 307);
load (3, 0) to (4, 0);
move (4, 0) to (35, 308);
cz;
move (35, 308) to (45, 308);
cz;
move (45, 308) to (1, 0);
store (1, 0) to (0, 0);
load (35, 307), (45, 307) to (36, 307), (46, 307);
move (36, 307), (46, 307) to (4, 0), (61, 0);
store (4, 0), (61, 0) to (3, 0), (60, 0);
rz(1.5708) at (0, 0), (3, 0);
rz(1.5708) at (0, 0);
load (0, 0) to (1, 0);
move (1, 0) to (67, 0);
load (63, 0) to (64, 0);
move (67, 0), (64, 0) to (46, 307), (36, 307);
store (46, 307), (36, 307) to (45, 307), (35, 307);
load (3, 0) to (4, 0);
move (4, 0) to (35, 308);
cz;
move (35, 308) to (45, 308);
cz;
move (45, 308) to (1, 0);
store (1, 0) to (0, 0);
load (35, 307), (45, 307) to (36, 307), (46, 307);
move (36, 307), (46, 307) to (4, 0), (64, 0);
store (4, 0), (64, 0) to (3, 0), (63, 0);
rz(1.5708) at (0, 0), (3, 0);
rz(1.5708) at (0, 0);
load (0, 0) to (1, 0);
move (1, 0) to (70, 0);
load (66, 0) to (67, 0);
move (70, 0), (67, 0) to (46, 307), (36, 307);
store (46, 307), (36, 307) to (45, 307), (35, 307);
load (3, 0) to (4, 0);
move (4, 0) to (35, 308);
cz;
move (35, 308) to (45, 308);
cz;
move (45, 308) to (1, 0);
store (1, 0) to (0, 0);
load (35, 307), (45, 307) to (36, 307), (46, 307);
move (36, 307), (46, 307) to (4, 0), (67, 0);
store (4, 0), (67, 0) to (3, 0), (66, 0);
rz(1.5708) at (0, 0), (3, 0);
rz(1.5708) at (0, 0);
load (0, 0) to (1, 0);
move (1, 0) to (73, 0);
load (69, 0) to (70, 0);
move (73, 0), (70, 0) to (46, 307), (36, 307);
store (46, 307), (36, 307) to (45, 307), (35, 307);
load (3, 0) to (4, 0);
move (4, 0) to (35, 308);
cz;
move (35, 308) to (45, 308);
cz;
move (45, 308) to (1, 0);
store (1, 0) to (0, 0);
load (35, 307), (45, 307) to (36, 307), (46, 307);
move (36, 307), (46, 307) to (4, 0), (70, 0);
store (4, 0), (70, 0) to (3, 0), (69, 0);
rz(1.5708) at (0, 0), (3, 0);
rz(1.5708) at (0, 0);
load (0, 0) to (1, 0);
move (1, 0) to (76, 0);
load (72, 0) to (73, 0);
move (76, 0), (73, 0) to (46, 307), (36, 307);
store (46, 307), (36, 307) to (45, 307), (35, 307);
load (3, 0) to (4, 0);
move (4, 0) to (35, 308);
cz;
move (35, 308) to (45, 308);
cz;
move (45, 308) to (1, 0);
store (1, 0) to (0, 0);
load (35, 307), (45, 307) to (36, 307), (46, 307);
move (36, 307), (46, 307) to (4, 0), (73, 0);
store (4, 0), (73, 0) to (3, 0), (72, 0);
rz(1.5708) at (0, 0), (3, 0);
rz(1.5708) at (0, 0);
load (0, 0) to (1, 0);
move (1, 0) to (79, 0);
load (75, 0) to (76, 0);
move (79, 0), (76, 0) to (46, 307), (36, 307);
store (46, 307), (36, 307) to (45, 307), (35, 307);
load (3, 0) to (4, 0);
move (4, 0) to (35, 308);
cz;
move (35, 308) to (45, 308);
cz;
move (45, 308) to (1, 0);
store (1, 0) to (0, 0);
load (35, 307), (45, 307) to (36, 307), (46, 307);
move (36, 307), (46, 307) to (4, 0), (76, 0);
store (4, 0), (76, 0) to (3, 0), (75, 0);
rz(1.5708) at (0, 0), (3, 0);
rz(1.5708) at (0, 0);
load (0, 0) to (1, 0);
move (1, 0) to (82, 0);
load (78, 0) to (79, 0);
move (82, 0), (79, 0) to (46, 307), (36, 307);
store (46, 307), (36, 307) to (45, 307), (35, 307);
load (3, 0) to (4, 0);
move (4, 0) to (35, 308);
cz;
move (35, 308) to (45, 308);
cz;
move (45, 308) to (1, 0);
store (1, 0) to (0, 0);
load (35, 307), (45, 307) to (36, 307), (46, 307);
move (36, 307), (46, 307) to (4, 0), (79, 0);
store (4, 0), (79, 0) to (3, 0), (78, 0);
rz(1.5708) at (0, 0), (3, 0);
rz(1.5708) at (0, 0);
load (0, 0) to (1, 0);
move (1, 0) to (36, 307);
store (36, 307) to (35, 307);
load (3, 0) to (4, 0);
move (4, 0) to (35, 308);
cz;
move (35, 308) to (1, 0);
store (1, 0) to (0, 0);
load (35, 307) to (36, 307);
move (36, 307) to (4, 0);
store (4, 0) to (3, 0);
