qmap examples 套件（118 个配对案例，同架构同判分）

circuit              q   ZAC us     zzx us   ratio   ZAC fid  zzx fid   mv(Z→z)  pulse  1qS
----------------------------------------------------------------------------------------------------
ex1_226               6     1135.7     1111.2    0.98    0.9470   0.9509    10→9       5   12
graycode6_47          6     1131.1     1111.2    0.98    0.9455   0.9494    10→9       5   12
xor5_254              6     1135.7     1111.2    0.98    0.9470   0.9509    10→9       5   12
4gt11_84              5     1606.1      973.3    0.61    0.9095   0.9278    16→9       8   20
ex-1_166              3     1714.1      990.7    0.58    0.9117   0.9295    18→10      9   20
4mod5-v0_20           5     2144.2     1174.8    0.55    0.8998   0.9189    18→11      9   22
4mod5-v1_22           5     2023.0     1268.3    0.63    0.8916   0.9117    20→12     10   24
ham3_102              3     1715.7      990.0    0.58    0.9122   0.9300    18→10      9   20
mod5d1_63             5     3021.0     1461.8    0.48    0.8657   0.8965    26→14     11   32
4gt11_83              5     2187.0     1603.8    0.73    0.8771   0.8946    22→14     14   24
4mod5-v0_19           5     3119.2     2068.3    0.66    0.8471   0.8740    32→19     16   34
4mod5-v1_24           5     3128.6     1838.8    0.59    0.8440   0.8749    32→18     15   36
mod5mils_65           5     3124.1     2043.3    0.65    0.8471   0.8741    32→19     16   34
rd32-v0_66            4     2313.2     1510.0    0.65    0.8837   0.9051    24→14     12   26
rd32-v1_68            4     2313.8     1510.6    0.65    0.8834   0.9048    24→14     12   26
3_17_13               3     2996.7     1635.1    0.55    0.8462   0.8758    32→17     17   34
alu-v0_27             5     3085.6     1894.7    0.61    0.8328   0.8648    32→18     15   40
alu-v1_29             5     3087.5     2128.7    0.69    0.8328   0.8675    32→18     15   40
alu-v2_33             5     3653.0     1894.1    0.52    0.8312   0.8648    34→18     15   40
4gt11_82              5     2413.0     1710.0    0.71    0.8600   0.8775    24→15     15   28
alu-v1_28             5     3095.6     2143.2    0.69    0.8279   0.8624    32→18     16   40
alu-v3_35             5     3267.3     1985.3    0.61    0.8249   0.8585    34→19     16   42
alu-v4_37             5     3267.3     1985.3    0.61    0.8249   0.8585    34→19     16   42
miller_11             3     4283.8     2277.9    0.53    0.7947   0.8351    46→24     23   48
alu-v3_34             5     4374.0     2726.3    0.62    0.7787   0.8212    46→27     23   52
mod5d2_64             5     4765.2     3000.9    0.63    0.7742   0.8151    50→28     25   52
qe_qft_4              5     2233.0     1355.6    0.61    0.8193   0.8414    20→12     17   28
4gt13-v1_93           5     5190.9     3116.0    0.60    0.7365   0.7854    54→31     27   62
4gt13_92              5     5415.1     3227.2    0.60    0.7303   0.7838    56→32     26   66
4mod5-bdd_287         7     6085.3     3946.0    0.65    0.7251   0.7711    61→35     31   62
4mod5-v0_18           5     5335.5     3207.0    0.60    0.7377   0.7822    56→31     31   58
4mod5-v1_23           5     5806.9     3584.9    0.62    0.7164   0.7689    61→34     30   70
one-two-three-v2_100  5     6589.5     3416.0    0.52    0.7145   0.7709    62→32     29   70
one-two-three-v3_101  5     7401.2     3623.7    0.49    0.7097   0.7689    64→34     29   72
rd32_270              5     6466.5     3715.0    0.57    0.6929   0.7495    68→37     35   74
4gt5_75               5     6529.3     4147.3    0.64    0.6747   0.7347    68→38     33   82
alu-bdd_288           7     7063.5     4249.8    0.60    0.6668   0.7299    72→40     35   82
alu-v0_26             5     6985.0     3942.5    0.56    0.6765   0.7354    73→40     35   80
qe_qft_5              5     2221.1     1524.6    0.69    0.8197   0.8331    20→13     18   24
4gt5_76               5     7371.5     4541.8    0.62    0.6348   0.6937    77→45     42   90
4gt13_91              5     8913.0     4892.4    0.55    0.6224   0.6883    88→49     44   94
alu-v4_36             5     8715.6     5000.6    0.57    0.6009   0.6731    92→49     44  106
4gt13_90              5     8920.1     5136.7    0.58    0.6110   0.6779    88→51     45   98
4gt5_77               5    10051.4     6053.8    0.60    0.5538   0.6259   105→59     51  120
one-two-three-v1_99   5    10857.8     6120.4    0.56    0.5474   0.6251   115→61     56  122
rd53_138              8    10116.6     5925.0    0.59    0.5366   0.6035    99→51     42  120
one-two-three-v0_98   5    11839.8     6323.5    0.53    0.5174   0.5983   119→64     59  132
4gt10-v1_81           5    11588.3     6787.3    0.59    0.5108   0.5904   122→66     60  136
aj-e11_165            5    12898.6     7124.1    0.55    0.4965   0.5757   131→71     63  140
4mod7-v0_94           5    12286.4     7102.0    0.58    0.4908   0.5715   129→69     64  144
4mod7-v1_96           5    15220.7     7211.2    0.47    0.4859   0.5700   134→72     62  144
alu-v2_32             5    12995.1     7298.7    0.56    0.4765   0.5569   136→73     64  152
mini_alu_305         10    12672.7     9172.4    0.72    0.4399   0.5133   125→81     53  158
mod10_176             5    13523.6     7880.9    0.58    0.4510   0.5364   141→75     70  162
4gt4-v0_80            6    14141.5     8598.0    0.61    0.4436   0.5273   147→83     71  162
cnt3-5_179           16    11905.2     7491.2    0.63    0.4154   0.5023   117→64     41  172
4gt12-v0_88           6    15018.3     8776.1    0.58    0.4170   0.5010   157→87     77  172
ising_model_10       10     5650.1     3163.9    0.56    0.4765   0.5101    46→24     20  108
sys6-v0_111          10    16406.2     9391.6    0.57    0.3529   0.4326   158→76     55  198
4_49_16               5    17167.5     9593.9    0.56    0.3715   0.4627   181→95     89  202
4gt12-v1_89           6    19425.6    11191.5    0.58    0.3531   0.4442   189→101    88  208
0410184_169          14    16516.4    10164.7    0.62    0.3191   0.4073   163→88     70  216
rd73_140             10    15811.0    10165.1    0.64    0.3359   0.4154   157→92     68  208
4gt4-v0_79            6    17793.4    10771.0    0.61    0.3489   0.4359   186→105    92  210
hwb4_49               5    18242.0    10303.2    0.56    0.3491   0.4397   192→106    96  212
mod10_171             5    19144.4    10740.1    0.56    0.3347   0.4247   196→106    97  220
4gt4-v0_78            6    18501.7    11201.1    0.61    0.3376   0.4231   193→109    97  214
4gt12-v0_87           6    18194.1    10898.0    0.60    0.3221   0.4093   190→106    94  224
4gt4-v0_72            6    19536.0    10717.8    0.55    0.3158   0.4038   199→105    95  228
4gt12-v0_86           6    18400.7    11055.7    0.60    0.3172   0.4031   192→107    96  226
4gt4-v1_74            6    21972.9    12194.6    0.55    0.2919   0.3844   222→121   108  246
ising_model_13       13     7921.2     5916.2    0.75    0.3742   0.3962    66→42     20  132
sym6_316             14    21172.0    14135.1    0.67    0.2479   0.3321   215→120    98  262
rd53_311             13    19719.6    13321.3    0.68    0.2546   0.3395   203→117    92  260
mini-alu_167          5    24237.1    12886.6    0.53    0.2741   0.3633   239→131   111  262
one-two-three-v0_97   5    22516.8    13023.9    0.58    0.2695   0.3586   237→127   116  268
rd53_135              7    22064.2    13208.7    0.60    0.2507   0.3382   229→128   114  274
sym9_146             12    23306.8    14867.2    0.64    0.2024   0.2765   227→126    91  300
ham7_104              7    25988.9    15495.9    0.60    0.2151   0.3007   266→149   134  300
ising_model_16       16     7957.2     6735.5    0.85    0.2878   0.3101    66→42     20  174
mod8-10_178           6    26785.1    15921.5    0.59    0.2087   0.2947   280→152   135  314
rd84_142             15    28184.3    14502.3    0.51    0.1730   0.2561   259→122    81  314
ex3_229               6    30484.3    17236.4    0.57    0.1666   0.2477   320→169   157  356
4gt4-v0_73            6    29950.0    18098.6    0.60    0.1618   0.2382   315→178   160  362
mod8-10_177           6    34512.5    19664.8    0.57    0.1372   0.2137   354→195   174  396
alu-v2_31             5    33192.4    19528.4    0.59    0.1324   0.2057   351→196   172  414
rd53_131              7    35224.8    20353.5    0.58    0.1244   0.1969   357→195   173  418
C17_204               7    35073.4    21441.9    0.61    0.1184   0.1873   364→203   173  424
cnt3-5_180           16    30913.6    20887.4    0.68    0.0989   0.1607   315→184   144  430
alu-v2_30             6    37798.5    22797.4    0.60    0.1023   0.1688   397→221   196  460
mod5adder_127         6    41580.4    25077.9    0.60    0.0858   0.1460   431→229   208  490
rd53_133              7    42705.6    24822.6    0.58    0.0726   0.1295   447→242   219  522
majority_239          7    47123.4    27337.6    0.58    0.0614   0.1150   479→262   232  554
ex2_227               7    47224.3    29187.9    0.62    0.0562   0.1069   489→279   241  576
cm82a_208             8    48847.7    26939.7    0.55    0.0510   0.1002   496→269   234  582
sf_274                6    58096.0    34312.2    0.59    0.0324   0.0688   613→337   300  678
sf_276                6    58461.2    34281.2    0.59    0.0322   0.0686   609→324   301  680
con1_216              9    69901.6    42253.0    0.60    0.0123   0.0323   716→411   346  852
wim_266              11    69367.9    43554.3    0.63    0.0100   0.0278   719→409   352  874
rd53_130              7    74959.6    46577.8    0.62    0.0092   0.0257   785→438   383  940
f2_232                8    89817.5    53037.8    0.59    0.0041   0.0136   924→510   449  1072
cm152a_212           12    92241.3    52001.9    0.56    0.0028   0.0112   952→522   461  1100
rd53_251              8    95367.2    58715.1    0.62    0.0027   0.0099   996→563   492  1156
hwb5_53               6   103943.7    59770.3    0.58    0.0021   0.0084   1091→588   535  1230
cm42a_207            14   127783.5    81066.1    0.63    0.0002   0.0013   1311→738   634  1564
pm1_249              14   127783.5    81066.1    0.63    0.0002   0.0013   1311→738   634  1564
dc1_220              11   138351.0    84625.5    0.61    0.0001   0.0010   1431→779   705  1672
squar5_261           13   146216.8    91737.0    0.63    0.0001   0.0006   1492→822   720  1750
sqrt8_260            12   227790.3   136735.9    0.60    0.0000   0.0000   2337→1287  1121  2716
z4_268               11   228611.8   135884.5    0.59    0.0000   0.0000   2331→1287  1112  2794
radd_250             13   246595.0   144123.6    0.58    0.0000   0.0000   2511→1372  1210  2914
adr4_197             13   258906.6   160173.4    0.62    0.0000   0.0000   2620→1459  1249  3088
sym6_145              7   291844.1   169774.0    0.58    0.0000   0.0000   3056→1662  1499  3536
misex1_241           15   364967.3   219109.0    0.60    0.0000   0.0000   3723→2031  1797  4238
rd73_252             10   394550.0   233951.3    0.59    0.0000   0.0000   4053→2244  1963  4774
cycle10_2_110        12   463062.9   273212.1    0.59    0.0000   0.0000   4737→2584  2271  5452
hwb6_56               7   498198.0   296178.8    0.59    0.0000   0.0000   5225→2867  2559  6100
square_root_7        15   537525.8   321290.0    0.60    0.0000   0.0000   5427→2991  2520  6562
----------------------------------------------------------------------------------------------------
ZAC_zzx: n 118  geomean zzx/ZAC time ratio 0.606   mean fidelity ZAC 0.4252  zzx 0.4731
worst ratios: ising_model_13 0.75x, ising_model_16 0.85x, ex1_226 0.98x, xor5_254 0.98x, graycode6_47 0.98x
